zoeHMM Ciona 6 8 6 7

<STATES>

Einit	0	0	3	-1	explicit
Esngl	0	0	150	-1	explicit
Eterm	0	0	3	-1	explicit
Exon	0	0	6	-1	explicit
Inter	0.9	0.9	0	0	geometric
Intron	0.1	0.1	0	0	geometric

<STATE_TRANSITIONS>

Einit	Intron	1
Esngl	Inter	1
Eterm	Inter	1
Exon	Intron	1
Inter	Einit	0.917255
Inter	Esngl	0.082745
Intron	Eterm	0.157106
Intron	Exon	0.842894

<PHASE_PREFERENCES>

0.392339
0.370682
0.236979
0.562665
0.232495
0.204840
0.509398
0.288147
0.202455
0.554192
0.236946
0.208862
0.845706
0.154294
0.840756
0.159244
0.840513
0.159487

<STATE_DURATIONS>

Einit 2
	DEFINED 0 249
		-9.529 -9.450 -9.374 -9.303 -9.234 
		-9.169 -9.107 -9.047 -8.990 -8.934 
		-8.881 -8.846 -8.811 -8.777 -8.744 
		-8.712 -8.680 -8.649 -8.619 -8.589 
		-8.560 -8.519 -8.480 -8.441 -8.403 
		-8.366 -8.330 -8.295 -8.261 -8.228 
		-8.195 -8.169 -8.143 -8.118 -8.093 
		-8.069 -8.045 -8.021 -7.998 -7.975 
		-7.952 -7.939 -7.925 -7.911 -7.898 
		-7.885 -7.872 -7.859 -7.846 -7.833 
		-7.821 -7.805 -7.790 -7.776 -7.761 
		-7.747 -7.732 -7.718 -7.704 -7.690 
		-7.676 -7.673 -7.669 -7.666 -7.662 
		-7.659 -7.655 -7.652 -7.648 -7.645 
		-7.641 -7.638 -7.634 -7.631 -7.627 
		-7.624 -7.621 -7.617 -7.614 -7.610 
		-7.607 -7.603 -7.599 -7.594 -7.590 
		-7.586 -7.582 -7.578 -7.574 -7.569 
		-7.565 -7.563 -7.560 -7.558 -7.556 
		-7.553 -7.551 -7.548 -7.546 -7.544 
		-7.541 -7.546 -7.551 -7.556 -7.561 
		-7.566 -7.572 -7.577 -7.582 -7.587 
		-7.592 -7.599 -7.606 -7.613 -7.620 
		-7.627 -7.634 -7.641 -7.649 -7.656 
		-7.663 -7.672 -7.681 -7.690 -7.699 
		-7.709 -7.718 -7.727 -7.737 -7.746 
		-7.755 -7.764 -7.772 -7.781 -7.790 
		-7.798 -7.807 -7.816 -7.825 -7.833 
		-7.842 -7.861 -7.880 -7.899 -7.918 
		-7.938 -7.958 -7.978 -7.999 -8.019 
		-8.041 -8.056 -8.071 -8.087 -8.103 
		-8.118 -8.135 -8.151 -8.167 -8.184 
		-8.201 -8.221 -8.242 -8.263 -8.285 
		-8.306 -8.328 -8.351 -8.373 -8.397 
		-8.420 -8.445 -8.471 -8.497 -8.524 
		-8.551 -8.578 -8.607 -8.635 -8.665 
		-8.695 -8.704 -8.713 -8.722 -8.731 
		-8.740 -8.750 -8.759 -8.769 -8.778 
		-8.788 -8.803 -8.819 -8.834 -8.850 
		-8.866 -8.882 -8.899 -8.915 -8.932 
		-8.949 -8.960 -8.970 -8.981 -8.991 
		-9.002 -9.013 -9.024 -9.035 -9.046 
		-9.057 -9.076 -9.094 -9.113 -9.132 
		-9.151 -9.170 -9.190 -9.210 -9.230 
		-9.251 -9.269 -9.288 -9.307 -9.326 
		-9.345 -9.365 -9.385 -9.405 -9.426 
		-9.447 -9.470 -9.493 -9.517 -9.541 
		-9.565 -9.590 -9.616 -9.641 -9.668 
		-9.695 -9.708 -9.721 -9.735 -9.749 
		-9.762 -9.776 -9.790 -9.805 -9.819 
	GEOMETRIC 250 -1
		169

Esngl 1
	GEOMETRIC 0 -1
		1000

Eterm 2
	DEFINED 0 249
		-10.634 -10.530 -10.433 -10.342 -10.257 
		-10.176 -10.099 -10.027 -9.957 -9.891 
		-9.828 -9.770 -9.713 -9.659 -9.606 
		-9.556 -9.507 -9.460 -9.414 -9.370 
		-9.327 -9.300 -9.273 -9.247 -9.221 
		-9.196 -9.171 -9.147 -9.123 -9.100 
		-9.076 -9.048 -9.020 -8.993 -8.966 
		-8.939 -8.913 -8.888 -8.863 -8.838 
		-8.814 -8.798 -8.781 -8.765 -8.749 
		-8.733 -8.718 -8.702 -8.687 -8.672 
		-8.657 -8.637 -8.618 -8.598 -8.579 
		-8.561 -8.542 -8.524 -8.506 -8.488 
		-8.470 -8.446 -8.422 -8.398 -8.375 
		-8.352 -8.330 -8.308 -8.286 -8.265 
		-8.243 -8.232 -8.221 -8.209 -8.198 
		-8.187 -8.176 -8.165 -8.154 -8.143 
		-8.132 -8.114 -8.095 -8.077 -8.059 
		-8.041 -8.023 -8.006 -7.989 -7.972 
		-7.955 -7.946 -7.936 -7.927 -7.918 
		-7.908 -7.899 -7.890 -7.881 -7.872 
		-7.863 -7.859 -7.855 -7.852 -7.848 
		-7.844 -7.840 -7.836 -7.832 -7.828 
		-7.824 -7.815 -7.807 -7.798 -7.789 
		-7.781 -7.772 -7.764 -7.756 -7.747 
		-7.739 -7.741 -7.743 -7.745 -7.747 
		-7.749 -7.751 -7.753 -7.755 -7.757 
		-7.759 -7.758 -7.757 -7.756 -7.756 
		-7.755 -7.754 -7.753 -7.752 -7.751 
		-7.750 -7.755 -7.761 -7.767 -7.772 
		-7.778 -7.784 -7.790 -7.795 -7.801 
		-7.807 -7.816 -7.825 -7.834 -7.844 
		-7.853 -7.863 -7.872 -7.882 -7.891 
		-7.901 -7.911 -7.921 -7.931 -7.941 
		-7.952 -7.962 -7.973 -7.983 -7.994 
		-8.005 -8.013 -8.022 -8.031 -8.040 
		-8.049 -8.058 -8.068 -8.077 -8.086 
		-8.095 -8.105 -8.115 -8.125 -8.136 
		-8.146 -8.156 -8.166 -8.177 -8.187 
		-8.198 -8.212 -8.227 -8.241 -8.256 
		-8.271 -8.286 -8.301 -8.316 -8.331 
		-8.347 -8.360 -8.373 -8.385 -8.398 
		-8.412 -8.425 -8.438 -8.452 -8.465 
		-8.479 -8.501 -8.523 -8.545 -8.568 
		-8.591 -8.614 -8.638 -8.662 -8.687 
		-8.712 -8.732 -8.753 -8.773 -8.794 
		-8.815 -8.837 -8.859 -8.881 -8.904 
		-8.927 -8.946 -8.964 -8.984 -9.003 
		-9.023 -9.043 -9.063 -9.083 -9.104 
		-9.125 -9.147 -9.169 -9.192 -9.214 
		-9.238 -9.261 -9.285 -9.310 -9.334 
	GEOMETRIC 250 -1
		211

Exon 2
	DEFINED 0 249
		-13.250 -13.040 -12.857 -12.695 -12.549 
		-12.417 -12.295 -12.183 -12.080 -11.983 
		-11.892 -11.739 -11.600 -11.474 -11.358 
		-11.250 -11.150 -11.056 -10.968 -10.886 
		-10.807 -10.686 -10.574 -10.470 -10.373 
		-10.282 -10.196 -10.116 -10.039 -9.967 
		-9.897 -9.814 -9.735 -9.661 -9.590 
		-9.522 -9.457 -9.396 -9.336 -9.279 
		-9.224 -9.154 -9.086 -9.022 -8.960 
		-8.901 -8.844 -8.790 -8.737 -8.686 
		-8.637 -8.579 -8.523 -8.469 -8.417 
		-8.366 -8.318 -8.271 -8.225 -8.181 
		-8.138 -8.099 -8.060 -8.022 -7.985 
		-7.949 -7.914 -7.880 -7.846 -7.813 
		-7.781 -7.747 -7.713 -7.681 -7.649 
		-7.617 -7.586 -7.556 -7.527 -7.498 
		-7.470 -7.443 -7.416 -7.390 -7.364 
		-7.339 -7.314 -7.290 -7.266 -7.242 
		-7.219 -7.201 -7.184 -7.167 -7.150 
		-7.133 -7.116 -7.100 -7.083 -7.067 
		-7.051 -7.043 -7.035 -7.027 -7.020 
		-7.012 -7.004 -6.996 -6.988 -6.981 
		-6.973 -6.970 -6.967 -6.964 -6.961 
		-6.959 -6.956 -6.953 -6.950 -6.947 
		-6.944 -6.951 -6.957 -6.963 -6.969 
		-6.975 -6.981 -6.988 -6.994 -7.000 
		-7.006 -7.020 -7.033 -7.046 -7.060 
		-7.073 -7.087 -7.101 -7.115 -7.129 
		-7.143 -7.157 -7.170 -7.184 -7.197 
		-7.211 -7.225 -7.239 -7.254 -7.268 
		-7.283 -7.302 -7.322 -7.342 -7.363 
		-7.383 -7.404 -7.426 -7.447 -7.469 
		-7.492 -7.514 -7.537 -7.560 -7.583 
		-7.607 -7.631 -7.655 -7.680 -7.706 
		-7.732 -7.755 -7.779 -7.803 -7.827 
		-7.852 -7.878 -7.903 -7.930 -7.956 
		-7.984 -8.012 -8.040 -8.069 -8.099 
		-8.129 -8.160 -8.191 -8.224 -8.257 
		-8.290 -8.324 -8.358 -8.393 -8.429 
		-8.465 -8.503 -8.542 -8.582 -8.623 
		-8.665 -8.697 -8.730 -8.764 -8.799 
		-8.834 -8.871 -8.908 -8.946 -8.986 
		-9.026 -9.064 -9.103 -9.143 -9.184 
		-9.226 -9.269 -9.314 -9.360 -9.408 
		-9.457 -9.498 -9.540 -9.582 -9.627 
		-9.672 -9.719 -9.768 -9.818 -9.870 
		-9.925 -9.964 -10.003 -10.045 -10.087 
		-10.131 -10.175 -10.222 -10.270 -10.319 
		-10.371 -10.411 -10.452 -10.495 -10.538 
		-10.583 -10.630 -10.678 -10.728 -10.779 
	GEOMETRIC 250 -1
		133

Inter 1
	GEOMETRIC 0 -1
		500

Intron 1
	GEOMETRIC 0 -1
		443

<SEQUENCE_MODELS>

Acceptor SDT 2 1 4 2 0.000
	AG WMM 30 26 4 0 0.000
		0.511	-0.749	-1.120	0.604	
		0.486	-0.728	-1.189	0.639	
		0.492	-0.766	-1.223	0.658	
		0.520	-0.848	-1.354	0.696	
		0.570	-0.847	-1.465	0.676	
		0.625	-0.885	-1.587	0.663	
		0.653	-0.821	-1.588	0.613	
		0.649	-0.734	-1.621	0.591	
		0.650	-0.684	-1.602	0.565	
		0.608	-0.602	-1.471	0.543	
		0.470	-0.523	-1.366	0.614	
		0.371	-0.517	-1.368	0.697	
		0.305	-0.571	-1.300	0.754	
		0.226	-0.575	-1.320	0.815	
		0.128	-0.600	-1.407	0.904	
		0.055	-0.678	-1.518	0.991	
		-0.152	-0.770	-1.705	1.143	
		-0.141	-0.770	-1.573	1.119	
		-0.053	-0.683	-1.639	1.066	
		-0.018	-0.424	-1.727	0.976	
		-0.111	-0.511	-1.498	1.014	
		-0.373	-0.394	-2.137	1.164	
		-0.758	-0.188	-2.517	1.238	
		0.592	-0.446	-0.844	0.268	
		-2.083	1.422	-4.729	0.068	
		2.001	-13.117	-13.117	-13.117	
		-13.117	-13.117	2.001	-13.117	
		0.358	-1.137	0.790	-0.898	
		-0.006	-0.613	-0.737	0.810	
		0.320	-0.475	-0.236	0.245	
	NN TRM 0 0 0 0 0.000

Coding CDS 3 2 4 3 0.000
	frame0 LUT 5 4 4 0 0.000
		0.289	-0.171	-0.143	-0.023	
		0.533	-0.493	-1.071	0.451	
		0.409	-0.381	-0.910	0.457	
		0.013	-0.508	0.224	0.164	
		0.903	-0.928	-0.458	-0.190	
		0.859	-1.014	-0.975	0.242	
		0.828	-0.856	-0.990	0.225	
		-0.294	-0.722	-0.194	0.769	
		0.700	-0.772	-0.615	0.186	
		0.579	-0.914	-0.963	0.549	
		0.698	-0.556	-0.678	0.102	
		-0.286	-0.782	-0.264	0.820	
		.	0.728	.	1.229	
		0.455	-0.568	-0.706	0.424	
		.	0.169	0.407	0.632	
		0.077	-0.257	-0.156	0.276	
		0.375	0.180	-0.391	-0.308	
		0.625	-0.298	-0.798	0.096	
		0.281	0.186	-0.993	0.195	
		-0.617	-0.142	0.333	0.242	
		0.640	-0.531	-0.117	-0.273	
		0.698	-0.433	-0.578	-0.048	
		0.703	-0.560	-0.773	0.149	
		-0.730	-0.105	-0.179	0.664	
		0.416	-0.074	-0.438	-0.033	
		0.468	-0.437	-0.808	0.386	
		0.341	-0.352	-0.269	0.164	
		-0.434	0.190	-0.077	0.228	
		.	1.163	.	0.816	
		0.370	-0.285	-0.392	0.169	
		.	0.307	0.495	0.437	
		-0.511	-0.114	-0.028	0.479	
		0.748	-0.759	-0.025	-0.420	
		0.666	-0.613	-0.348	-0.038	
		0.524	-0.270	-0.262	-0.154	
		-0.310	-0.518	0.426	0.203	
		0.851	-1.209	-0.020	-0.362	
		0.852	-0.950	-0.585	0.016	
		0.778	-0.873	-0.771	0.206	
		-0.426	-0.655	0.117	0.619	
		0.746	-0.992	-0.211	-0.065	
		0.638	-0.918	-0.343	0.172	
		0.560	-0.640	-0.357	0.141	
		-0.492	-0.681	0.099	0.673	
		.	0.656	.	1.278	
		0.593	-0.671	-0.259	0.040	
		.	-0.139	0.756	0.489	
		-0.223	-0.508	-0.008	0.532	
		0.724	-0.421	-0.748	0.009	
		0.740	-0.743	-0.818	0.221	
		0.519	-0.187	-1.031	0.263	
		-0.240	-0.678	-0.060	0.650	
		0.666	-0.745	-0.364	0.056	
		0.800	-0.915	-0.949	0.276	
		0.479	-0.718	-0.607	0.424	
		-0.383	-0.598	-0.413	0.865	
		0.553	-0.467	-0.657	0.233	
		0.576	-0.903	-0.988	0.556	
		0.528	-0.680	-0.538	0.317	
		-0.351	-0.663	-0.104	0.726	
		.	0.810	.	1.168	
		0.616	-0.500	-0.830	0.260	
		.	0.087	0.450	0.652	
		0.093	-0.258	-0.143	0.253	
		0.334	-0.086	-0.093	-0.218	
		0.593	-0.371	-1.055	0.307	
		0.177	-0.111	-0.618	0.370	
		-0.110	-0.357	0.293	0.094	
		0.850	-0.856	-0.107	-0.481	
		0.815	-0.665	-0.932	0.118	
		0.676	-0.606	-0.799	0.228	
		-0.528	-0.580	0.087	0.656	
		0.504	-0.747	-0.306	0.235	
		0.593	-0.797	-0.775	0.413	
		0.604	-0.686	-0.314	0.076	
		-0.306	-0.926	0.213	0.590	
		.	0.980	.	1.020	
		0.612	-0.575	-0.761	0.276	
		.	0.165	0.628	0.415	
		-0.048	-0.346	0.019	0.302	
		0.149	0.252	-0.142	-0.333	
		0.350	0.094	-0.923	0.177	
		-0.149	0.250	-0.743	0.391	
		-0.603	-0.104	0.399	0.128	
		0.484	-0.268	-0.172	-0.179	
		0.683	-0.637	-0.748	0.209	
		0.281	-0.341	-0.642	0.438	
		-0.654	-0.091	-0.074	0.562	
		0.184	-0.160	-0.292	0.205	
		0.220	-0.256	-1.032	0.593	
		0.134	-0.274	-0.417	0.408	
		-0.594	-0.241	0.317	0.317	
		.	1.205	.	0.762	
		0.373	0.003	-0.639	0.085	
		.	0.484	0.424	0.333	
		-0.456	-0.010	0.122	0.250	
		0.515	-0.099	-0.294	-0.283	
		0.400	-0.111	-0.338	-0.054	
		0.082	-0.095	-0.278	0.239	
		-0.343	-0.208	0.338	0.114	
		0.702	-0.654	-0.345	-0.073	
		0.702	-0.498	-0.577	-0.008	
		0.410	-0.414	-0.419	0.229	
		-0.498	-0.284	-0.010	0.564	
		0.384	-0.422	-0.263	0.157	
		0.489	-0.405	-0.424	0.132	
		0.415	-0.546	-0.265	0.202	
		-0.585	-0.551	0.272	0.530	
		.	0.924	.	1.073	
		0.868	-0.759	-0.423	-0.255	
		.	-0.079	0.559	0.660	
		-0.340	-0.280	-0.026	0.490	
		0.620	-0.321	-0.451	-0.103	
		0.712	-0.585	-1.062	0.282	
		0.179	-0.094	-0.813	0.446	
		-0.281	-0.593	0.144	0.495	
		0.617	-0.590	-0.347	0.023	
		0.661	-0.713	-1.058	0.410	
		0.213	-0.540	-0.890	0.690	
		-0.570	-0.260	-0.253	0.724	
		0.457	-0.569	-0.455	0.291	
		0.421	-0.612	-1.262	0.669	
		0.286	-0.631	-0.649	0.582	
		-0.182	-0.872	0.165	0.537	
		.	0.990	.	1.010	
		0.594	-0.477	-0.876	0.296	
		.	0.187	0.160	0.803	
		0.079	-0.273	0.157	0.001	
		0.527	-0.163	-0.307	-0.223	
		0.580	-0.437	-0.843	0.274	
		0.576	-0.368	-0.725	0.175	
		-0.188	-0.355	0.289	0.162	
		0.774	-0.773	-0.287	-0.176	
		0.745	-0.871	-0.871	0.298	
		0.823	-0.888	-0.934	0.223	
		-0.860	-0.373	-0.363	0.926	
		0.446	-0.555	-0.547	0.348	
		0.606	-0.919	-0.830	0.471	
		0.708	-0.978	-0.464	0.182	
		-0.360	-0.739	-0.049	0.727	
		.	0.851	.	1.135	
		0.554	-0.480	-0.597	0.206	
		.	0.173	0.410	0.627	
		-0.122	-0.288	-0.004	0.338	
		0.321	0.177	-0.248	-0.363	
		0.516	-0.254	-0.570	0.082	
		0.206	0.046	-0.952	0.376	
		-0.724	-0.109	0.342	0.262	
		0.443	-0.222	-0.195	-0.138	
		0.655	-0.439	-0.607	0.044	
		0.630	-0.370	-0.778	0.131	
		-0.894	0.048	-0.499	0.783	
		0.200	0.066	-0.363	0.039	
		0.267	-0.320	-0.694	0.462	
		0.219	-0.330	-0.139	0.179	
		-0.757	-0.147	0.207	0.434	
		.	1.294	.	0.630	
		0.468	-0.171	-0.544	0.061	
		.	0.287	0.379	0.566	
		-0.384	-0.043	0.202	0.154	
		0.632	-0.482	-0.111	-0.307	
		0.697	-0.432	-0.404	-0.180	
		0.339	-0.356	-0.064	-0.004	
		-0.349	-0.455	0.333	0.294	
		0.664	-0.897	0.015	-0.203	
		0.773	-0.893	-0.246	-0.137	
		0.633	-0.565	-0.637	0.176	
		-0.686	-0.529	0.121	0.676	
		0.490	-0.626	-0.170	0.083	
		0.667	-1.081	-0.190	0.089	
		0.427	-0.856	-0.386	0.420	
		-0.689	-0.831	0.533	0.455	
		.	0.762	.	1.205	
		0.706	-0.741	-0.054	-0.309	
		.	-0.302	0.783	0.554	
		-0.444	-0.408	0.312	0.344	
		0.710	-0.117	-0.876	-0.156	
		0.757	-0.526	-0.761	0.036	
		0.318	0.033	-1.033	0.311	
		-0.326	-0.499	0.044	0.550	
		0.543	-0.344	-0.370	-0.027	
		0.674	-0.718	-0.788	0.284	
		0.358	-0.526	-0.825	0.546	
		-0.719	-0.159	-0.585	0.872	
		0.492	-0.200	-0.710	0.153	
		0.472	-0.721	-0.774	0.508	
		0.433	-0.763	-0.451	0.411	
		-0.376	-0.699	0.102	0.624	
		.	1.066	.	0.931	
		0.644	-0.543	-0.577	0.112	
		.	0.069	0.520	0.602	
		0.099	-0.325	0.172	0.006	
		0.520	-0.154	-0.181	-0.348	
		0.572	-0.557	-0.899	0.376	
		0.429	-0.176	-0.762	0.238	
		-0.209	-0.561	0.399	0.187	
		0.859	-0.995	-0.123	-0.384	
		0.749	-0.718	-0.806	0.189	
		0.742	-0.873	-0.963	0.343	
		-0.488	-0.706	-0.041	0.767	
		0.659	-0.636	-0.584	0.151	
		0.563	-0.978	-0.743	0.504	
		0.640	-0.607	-0.520	0.122	
		-0.324	-1.045	0.066	0.739	
		.	0.921	.	1.075	
		0.508	-0.585	-0.661	0.355	
		.	0.032	0.506	0.640	
		-0.164	-0.329	-0.216	0.537	
		0.243	0.242	-0.306	-0.277	
		0.498	-0.211	-0.890	0.244	
		-0.246	0.213	-1.084	0.609	
		-0.433	-0.093	0.219	0.212	
		0.500	-0.368	-0.172	-0.114	
		0.760	-0.656	-0.507	-0.046	
		0.441	-0.558	-0.560	0.361	
		-0.686	0.153	-0.301	0.541	
		0.238	-0.038	-0.603	0.249	
		0.302	-0.406	-0.886	0.558	
		0.235	-0.362	-0.315	0.311	
		-0.388	-0.227	0.064	0.419	
		.	1.205	.	0.761	
		0.478	-0.189	-0.611	0.104	
		.	0.367	0.284	0.578	
		-0.589	0.256	-0.093	0.268	
		0.585	-0.323	-0.109	-0.371	
		0.491	-0.523	-0.040	-0.111	
		0.324	-0.233	-0.252	0.082	
		-0.484	-0.339	0.477	0.141	
		0.656	-1.039	0.074	-0.176	
		0.718	-0.672	-0.498	0.027	
		0.493	-0.562	-0.453	0.245	
		-0.620	-0.604	0.168	0.649	
		0.533	-0.628	-0.338	0.157	
		0.468	-0.818	-0.469	0.408	
		0.510	-0.634	-0.362	0.206	
		-0.612	-0.670	0.299	0.572	
		.	0.878	.	1.113	
		0.531	-0.577	-0.286	0.090	
		.	-0.036	0.547	0.644	
		-0.501	-0.383	0.186	0.474	
		0.706	-0.170	-0.690	-0.217	
		0.517	-0.421	-1.001	0.403	
		0.242	-0.128	-1.054	0.507	
		-0.175	-0.514	-0.081	0.555	
		0.766	-0.757	-0.560	0.042	
		0.684	-0.598	-1.147	0.357	
		0.532	-0.986	-0.885	0.592	
		-0.279	-0.407	-0.338	0.705	
		0.593	-0.536	-0.751	0.273	
		0.310	-0.572	-1.104	0.698	
		0.457	-0.853	-0.703	0.545	
		-0.306	-0.842	0.123	0.626	
		.	0.858	.	1.129	
		0.577	-0.392	-0.935	0.291	
		.	0.187	0.169	0.797	
		0.261	-0.130	-0.050	-0.117	
	frame2 LUT 5 4 4 0 0.000
		0.005	-0.052	0.368	-0.431	
		0.603	-0.400	-0.179	-0.253	
		0.570	-0.458	-0.209	-0.117	
		0.081	-0.488	0.622	-0.535	
		0.516	-0.461	0.033	-0.287	
		0.877	-0.543	-0.233	-0.675	
		0.479	-0.541	0.027	-0.153	
		-0.289	-0.658	0.626	0.006	
		0.600	-0.645	0.028	-0.277	
		0.858	-0.795	-0.156	-0.486	
		0.546	-0.573	-0.072	-0.125	
		-0.323	-0.508	0.483	0.138	
		0.355	-0.293	-0.375	0.181	
		0.657	-0.391	-0.038	-0.543	
		0.369	-0.414	0.189	-0.291	
		-0.118	-0.189	0.549	-0.437	
		0.310	-0.045	0.269	-0.772	
		0.670	-0.239	-0.073	-0.711	
		0.599	-0.122	-0.325	-0.380	
		-0.039	-0.292	0.283	-0.010	
		0.544	-0.318	0.184	-0.726	
		0.537	0.187	-0.084	-1.101	
		0.489	-0.455	0.082	-0.305	
		-0.472	-0.306	0.713	-0.268	
		0.554	-0.136	0.011	-0.704	
		0.600	-0.321	-0.172	-0.329	
		0.503	-0.377	0.099	-0.430	
		-0.092	-0.132	0.398	-0.266	
		0.463	0.224	-0.314	-0.622	
		0.666	-0.508	0.171	-0.774	
		0.282	-0.174	0.267	-0.526	
		-0.228	-0.267	0.670	-0.466	
		0.459	-0.718	0.498	-0.724	
		0.636	-0.431	0.031	-0.549	
		0.478	-0.581	0.242	-0.403	
		-0.181	-0.755	0.702	-0.155	
		0.602	-0.748	0.258	-0.533	
		0.919	-0.714	0.040	-1.084	
		0.412	-0.550	0.103	-0.131	
		-0.417	-0.508	0.713	-0.138	
		0.649	-0.850	0.212	-0.476	
		0.637	-0.512	-0.024	-0.397	
		0.294	-0.876	0.470	-0.243	
		-0.531	-0.418	0.437	0.270	
		0.613	-0.663	0.098	-0.378	
		0.682	-0.426	0.066	-0.725	
		0.495	-0.985	0.360	-0.317	
		-0.237	-0.387	0.584	-0.173	
		.	.	.	.	
		0.705	-0.495	0.030	-0.647	
		.	.	.	.	
		-0.232	-0.551	0.450	0.137	
		0.500	-0.454	0.072	-0.313	
		0.728	-0.545	-0.018	-0.577	
		0.167	-0.561	0.408	-0.197	
		-0.370	-0.477	0.666	-0.120	
		.	.	.	.	
		0.679	-0.794	0.131	-0.460	
		0.526	-0.717	0.224	-0.351	
		-0.145	-0.558	0.528	-0.037	
		0.442	-0.227	-0.199	-0.126	
		0.496	-0.308	-0.152	-0.181	
		0.170	-0.501	0.434	-0.290	
		-0.133	-0.346	0.568	-0.287	
		0.060	-0.031	0.416	-0.634	
		0.575	-0.160	-0.276	-0.340	
		0.435	-0.302	-0.220	-0.032	
		-0.135	-0.354	0.730	-0.626	
		0.447	-0.287	0.166	-0.524	
		0.771	-0.310	-0.141	-0.786	
		0.340	-0.318	0.069	-0.179	
		-0.535	-0.604	0.841	-0.218	
		0.418	-0.508	0.329	-0.506	
		0.812	-0.796	0.006	-0.590	
		0.544	-0.738	0.143	-0.254	
		-0.251	-0.573	0.684	-0.183	
		0.227	-0.105	-0.072	-0.076	
		0.771	-0.587	0.023	-0.708	
		0.256	-0.372	0.322	-0.353	
		-0.178	-0.280	0.701	-0.583	
		0.036	0.189	0.273	-0.675	
		0.539	0.037	-0.165	-0.669	
		0.199	0.022	-0.088	-0.159	
		-0.276	-0.202	0.625	-0.390	
		0.326	-0.007	0.010	-0.425	
		0.578	-0.137	0.028	-0.792	
		0.419	-0.381	0.034	-0.198	
		-0.310	-0.296	0.761	-0.547	
		0.337	-0.090	0.086	-0.443	
		0.632	-0.254	-0.313	-0.309	
		0.444	-0.406	0.108	-0.310	
		-0.146	-0.279	0.609	-0.421	
		0.395	0.333	-0.438	-0.541	
		0.602	-0.247	0.058	-0.740	
		-0.038	0.029	0.395	-0.534	
		-0.172	-0.237	0.766	-0.829	
		0.254	-0.281	0.382	-0.553	
		0.448	-0.139	0.012	-0.476	
		0.317	-0.462	0.186	-0.167	
		-0.105	-0.464	0.573	-0.222	
		0.504	-0.344	-0.061	-0.259	
		0.738	-0.370	0.009	-0.858	
		0.402	-0.408	-0.191	0.068	
		-0.363	-0.436	0.700	-0.219	
		0.475	-0.437	0.189	-0.452	
		0.487	-0.338	0.109	-0.456	
		0.477	-0.800	0.278	-0.283	
		-0.238	-0.487	0.521	0.005	
		0.351	-0.139	-0.139	-0.139	
		1.059	-0.782	-0.193	-1.120	
		0.223	-0.560	0.231	-0.028	
		-0.220	-0.258	0.549	-0.248	
		.	.	.	.	
		0.687	-0.168	-0.401	-0.428	
		.	.	.	.	
		-0.275	-0.443	0.695	-0.289	
		0.438	-0.180	-0.078	-0.294	
		0.669	-0.235	-0.167	-0.579	
		-0.062	-0.234	0.126	0.138	
		-0.289	-0.469	0.765	-0.398	
		.	.	.	.	
		0.631	-0.373	-0.273	-0.232	
		0.345	-0.550	0.208	-0.165	
		-0.044	-0.552	0.635	-0.332	
		0.396	0.025	-0.320	-0.208	
		0.516	-0.106	-0.389	-0.188	
		0.034	-0.331	0.364	-0.161	
		0.027	-0.442	0.660	-0.587	
		0.349	-0.119	0.185	-0.581	
		0.596	-0.326	-0.008	-0.524	
		0.696	-0.442	-0.270	-0.296	
		-0.058	-0.478	0.636	-0.382	
		0.466	-0.485	0.101	-0.265	
		0.777	-0.611	-0.032	-0.615	
		0.217	-0.656	-0.079	0.330	
		-0.698	-0.424	0.529	0.257	
		0.542	-0.538	0.224	-0.540	
		0.796	-0.876	0.126	-0.673	
		0.604	-0.803	-0.142	0.000	
		-0.323	-0.416	0.537	0.001	
		0.373	-0.321	-0.214	0.060	
		0.703	-0.479	0.147	-0.869	
		0.284	-0.448	0.301	-0.292	
		-0.332	-0.324	0.700	-0.354	
		0.193	-0.062	0.370	-0.721	
		0.585	-0.293	0.125	-0.751	
		0.429	-0.157	-0.275	-0.104	
		-0.126	-0.322	0.417	-0.077	
		0.315	-0.127	0.177	-0.495	
		0.502	-0.003	0.087	-0.933	
		0.323	-0.445	0.102	-0.087	
		-0.443	-0.263	0.503	0.019	
		0.277	0.072	0.110	-0.604	
		0.556	-0.232	-0.039	-0.505	
		0.411	-0.278	0.064	-0.321	
		-0.271	-0.234	0.558	-0.237	
		0.347	0.295	-0.282	-0.559	
		0.582	-0.590	0.232	-0.590	
		0.129	-0.158	0.312	-0.379	
		-0.101	-0.359	0.707	-0.608	
		0.447	-0.563	0.388	-0.619	
		0.596	-0.427	0.203	-0.753	
		0.418	-0.438	0.228	-0.405	
		-0.110	-0.552	0.558	-0.122	
		0.601	-0.673	0.271	-0.622	
		0.684	-0.746	0.371	-0.990	
		0.307	-0.376	0.127	-0.151	
		-0.652	-0.456	0.698	0.017	
		0.694	-0.782	0.222	-0.658	
		0.596	-0.712	0.237	-0.515	
		0.432	-0.718	0.171	-0.124	
		-0.436	-0.551	0.586	0.108	
		0.529	-0.413	-0.033	-0.270	
		0.640	-0.498	0.339	-1.095	
		0.218	-0.757	0.477	-0.229	
		-0.415	-0.332	0.684	-0.236	
		.	.	.	.	
		0.769	-0.417	0.024	-0.916	
		.	.	.	.	
		-0.225	-0.574	0.484	0.103	
		0.293	-0.111	-0.053	-0.177	
		0.652	-0.538	0.121	-0.616	
		0.008	-0.299	0.182	0.066	
		-0.388	-0.351	0.508	0.042	
		.	.	.	.	
		0.610	-0.497	0.109	-0.541	
		0.401	-0.525	0.127	-0.164	
		-0.153	-0.422	0.509	-0.103	
		0.496	-0.077	-0.326	-0.245	
		0.514	-0.316	0.065	-0.469	
		0.075	-0.411	0.440	-0.254	
		-0.029	-0.356	0.536	-0.342	
		0.305	-0.243	0.328	-0.591	
		0.455	-0.322	-0.158	-0.100	
		0.626	-0.534	-0.273	-0.091	
		-0.056	-0.633	0.679	-0.336	
		0.546	-0.581	0.077	-0.293	
		0.789	-0.550	-0.161	-0.526	
		0.417	-0.782	-0.164	0.252	
		-0.445	-0.760	0.658	0.135	
		0.655	-0.712	0.079	-0.398	
		0.807	-1.017	0.012	-0.418	
		0.673	-0.850	0.017	-0.253	
		-0.329	-0.758	0.568	0.177	
		0.419	-0.289	-0.394	0.116	
		0.635	-0.553	0.022	-0.415	
		0.391	-0.571	0.172	-0.170	
		-0.197	-0.323	0.507	-0.141	
		0.310	0.022	0.076	-0.534	
		0.441	-0.103	-0.223	-0.227	
		0.318	-0.182	-0.430	0.176	
		-0.043	-0.235	0.345	-0.137	
		0.468	-0.237	-0.051	-0.317	
		0.600	-0.215	0.036	-0.743	
		0.334	-0.497	0.093	-0.052	
		-0.310	-0.268	0.622	-0.278	
		0.516	-0.071	-0.215	-0.402	
		0.454	-0.247	-0.320	-0.020	
		0.267	-0.209	-0.001	-0.101	
		-0.034	-0.221	0.364	-0.187	
		0.324	0.358	-0.703	-0.231	
		0.578	-0.568	-0.050	-0.206	
		-0.081	0.088	0.034	-0.047	
		-0.217	-0.009	0.561	-0.577	
		0.441	-0.549	0.412	-0.672	
		0.438	-0.374	0.243	-0.534	
		0.472	-0.552	0.161	-0.299	
		-0.219	-0.587	0.752	-0.339	
		0.489	-0.603	0.167	-0.295	
		0.751	-0.437	-0.038	-0.725	
		0.312	-0.631	0.068	0.090	
		-0.440	-0.514	0.752	-0.187	
		0.671	-0.777	0.128	-0.453	
		0.533	-0.463	-0.081	-0.181	
		0.512	-0.996	0.295	-0.242	
		-0.226	-0.704	0.588	0.039	
		0.451	-0.298	-0.107	-0.167	
		0.819	-0.491	-0.195	-0.621	
		0.266	-0.765	0.271	0.003	
		-0.253	-0.400	0.620	-0.207	
		.	.	.	.	
		0.590	-0.377	-0.163	-0.266	
		.	.	.	.	
		-0.060	-0.495	0.451	-0.054	
		0.640	-0.450	-0.276	-0.179	
		0.688	-0.266	-0.229	-0.507	
		0.198	-0.531	0.057	0.165	
		-0.147	-0.465	0.606	-0.235	
		.	.	.	.	
		0.516	-0.316	-0.274	-0.090	
		0.471	-0.773	0.055	-0.014	
		-0.077	-0.494	0.453	-0.039	
		0.587	-0.189	-0.520	-0.115	
		0.425	-0.144	-0.431	0.015	
		0.158	-0.341	0.135	-0.005	
		0.213	-0.283	0.477	-0.673	
	frame2 LUT 5 4 4 0 0.000
		0.481	-0.156	-0.499	-0.001	
		0.377	-0.079	-0.760	0.220	
		0.745	-0.290	-0.792	-0.108	
		-0.217	0.296	-0.353	0.174	
		0.650	-0.362	-0.534	-0.057	
		0.620	0.089	-1.065	-0.118	
		0.724	-0.458	-0.272	-0.337	
		-0.665	-0.051	-0.417	0.727	
		0.995	-0.969	-0.898	-0.060	
		0.676	-0.541	-0.539	0.038	
		1.026	-0.683	-0.675	-0.487	
		-1.006	-0.096	-1.004	1.048	
		0.704	-0.564	-1.342	0.378	
		0.347	-0.007	-0.725	0.174	
		0.655	-0.501	-0.227	-0.211	
		-0.504	0.178	-0.761	0.654	
		0.400	0.083	-0.388	-0.222	
		0.432	0.304	-1.094	-0.078	
		0.592	-0.033	-0.729	-0.134	
		-1.003	0.320	-0.399	0.580	
		0.650	-0.181	-0.795	-0.041	
		0.357	0.592	-1.309	-0.306	
		0.758	-0.659	-0.282	-0.229	
		-0.789	0.438	-0.605	0.494	
		0.574	-0.365	-0.479	0.025	
		0.567	-0.024	-1.322	0.183	
		0.775	-0.467	-0.542	-0.186	
		-0.964	0.474	-0.740	0.585	
		0.569	0.023	-1.289	0.125	
		0.324	0.198	-0.809	0.044	
		0.437	-0.292	-0.120	-0.136	
		-0.770	0.168	-0.426	0.629	
		0.647	-0.770	-0.042	-0.189	
		0.534	-0.174	-0.671	0.053	
		0.679	-0.317	-0.368	-0.285	
		-0.519	0.045	-0.335	0.563	
		0.677	-0.496	-0.279	-0.205	
		0.839	-0.034	-1.048	-0.413	
		0.760	-0.468	-0.374	-0.302	
		-0.631	0.241	-0.654	0.620	
		0.895	-1.075	-0.506	-0.057	
		0.632	-0.255	-0.667	-0.026	
		0.826	-0.810	-0.376	-0.173	
		-1.127	-0.129	-0.885	1.061	
		0.646	-0.659	-0.491	0.125	
		0.420	-0.035	-0.384	-0.120	
		0.710	-0.749	-0.031	-0.338	
		-0.608	0.009	-0.821	0.825	
		0.640	-0.227	-0.660	-0.067	
		0.546	0.115	-0.841	-0.153	
		0.651	-0.072	-0.880	-0.097	
		-0.845	0.160	-0.722	0.782	
		0.588	-0.181	-0.748	0.027	
		0.430	-0.008	-0.631	0.018	
		0.403	-0.226	-0.190	-0.080	
		-0.566	0.018	-0.524	0.693	
		0.675	-0.365	-0.650	-0.015	
		0.613	-0.177	-1.003	0.120	
		0.738	-0.273	-0.565	-0.271	
		-0.665	-0.034	-0.630	0.805	
		0.663	-0.364	-1.346	0.317	
		0.322	-0.042	-0.576	0.148	
		0.647	-0.372	-0.329	-0.209	
		-0.617	0.199	-0.521	0.588	
		0.444	-0.127	-0.429	-0.028	
		0.582	-0.165	-1.053	0.175	
		0.580	-0.045	-0.671	-0.140	
		-0.315	0.230	-0.228	0.226	
		0.526	-0.210	-0.380	-0.110	
		0.678	0.169	-1.074	-0.321	
		0.670	-0.369	-0.449	-0.148	
		-0.831	-0.117	-0.102	0.663	
		0.892	-1.097	-0.619	0.037	
		0.757	-0.707	-0.555	0.023	
		1.040	-0.887	-0.642	-0.391	
		-0.908	-0.365	-0.512	0.992	
		0.626	-0.594	-0.717	0.245	
		0.372	-0.219	-0.628	0.262	
		0.582	-0.511	-0.146	-0.157	
		-0.434	0.019	-0.580	0.658	
		0.428	0.017	-0.350	-0.221	
		0.337	0.509	-1.000	-0.297	
		0.638	-0.148	-0.579	-0.199	
		-0.716	0.367	-0.501	0.480	
		0.631	-0.097	-0.911	-0.023	
		0.432	0.588	-1.247	-0.462	
		0.779	-0.503	-0.361	-0.322	
		-0.495	0.395	-0.996	0.559	
		0.591	-0.435	-0.574	0.115	
		0.305	0.287	-1.208	0.153	
		0.885	-0.862	-0.501	-0.158	
		-0.524	-0.160	-0.517	0.775	
		0.646	-0.028	-1.330	0.079	
		0.222	0.425	-0.823	-0.111	
		0.490	-0.370	-0.080	-0.191	
		-0.411	0.425	-0.797	0.411	
		0.471	-0.271	-0.232	-0.099	
		0.421	0.094	-0.628	-0.079	
		0.551	-0.073	-0.500	-0.188	
		-0.618	0.150	-0.350	0.540	
		0.625	-0.430	-0.399	-0.064	
		0.640	-0.292	-0.281	-0.319	
		0.775	-0.535	-0.440	-0.215	
		-0.692	0.152	-0.468	0.629	
		0.891	-0.835	-0.595	-0.117	
		0.675	0.058	-0.570	-0.538	
		0.991	-0.705	-0.584	-0.449	
		-0.864	-0.187	-0.826	1.006	
		0.723	-0.553	-0.501	-0.057	
		0.529	-0.570	0.104	-0.306	
		0.671	-0.577	-0.140	-0.268	
		-0.442	0.067	-0.582	0.630	
		0.612	-0.203	-0.371	-0.270	
		0.607	0.008	-0.692	-0.230	
		0.667	0.052	-0.845	-0.289	
		-0.905	0.354	-0.147	0.361	
		0.338	0.063	-0.720	0.117	
		0.345	0.034	-0.551	0.033	
		0.323	0.006	-0.196	-0.198	
		-0.689	0.364	-0.648	0.540	
		0.645	-0.476	-0.595	0.077	
		0.537	-0.309	-1.109	0.354	
		0.847	-0.507	-0.848	-0.086	
		-0.598	-0.232	-0.425	0.801	
		0.560	-0.148	-1.299	0.284	
		0.336	-0.084	-0.605	0.185	
		0.425	-0.116	-0.131	-0.283	
		-0.407	0.303	-0.547	0.409	
		0.645	-0.327	-0.582	-0.042	
		0.525	-0.207	-0.855	0.191	
		0.882	-0.270	-0.840	-0.378	
		-0.249	0.023	-0.231	0.368	
		0.499	-0.351	-0.547	0.161	
		0.548	0.054	-0.912	-0.046	
		0.688	-0.681	-0.612	0.151	
		-0.937	-0.099	-0.484	0.871	
		0.839	-0.979	-0.622	0.077	
		0.666	-0.665	-0.613	0.175	
		1.034	-0.762	-0.853	-0.307	
		-1.067	-0.318	-0.911	1.130	
		0.665	-0.603	-1.074	0.357	
		0.305	-0.121	-0.518	0.197	
		0.785	-0.576	-0.403	-0.235	
		-0.431	-0.015	-0.557	0.668	
		0.476	-0.222	-0.310	-0.082	
		0.476	0.059	-0.932	0.061	
		0.482	0.172	-0.831	-0.129	
		-0.969	0.242	-0.614	0.725	
		0.442	-0.210	-0.930	0.324	
		0.446	0.316	-1.276	-0.030	
		0.647	-0.280	-0.468	-0.172	
		-0.782	0.348	-0.900	0.687	
		0.502	-0.662	-0.432	0.276	
		0.430	-0.369	-1.060	0.484	
		0.632	-0.175	-0.501	-0.220	
		-0.933	-0.302	-0.531	0.980	
		0.479	-0.007	-1.358	0.288	
		0.341	-0.101	-0.662	0.225	
		0.330	-0.081	-0.300	-0.021	
		-0.479	0.151	-0.547	0.573	
		0.560	-0.433	-0.317	-0.025	
		0.542	0.097	-1.018	-0.028	
		0.600	-0.201	-0.290	-0.328	
		-0.431	-0.017	-0.700	0.726	
		0.662	-0.606	-0.364	-0.024	
		0.884	-0.376	-0.889	-0.244	
		0.626	-0.619	-0.107	-0.190	
		-0.598	-0.039	-0.406	0.688	
		0.783	-0.644	-0.653	0.004	
		0.701	-0.109	-0.897	-0.136	
		0.574	-0.572	-0.271	0.014	
		-0.790	-0.307	-0.768	1.019	
		0.461	-0.509	-0.414	0.226	
		0.450	-0.334	-0.224	-0.022	
		0.362	-0.629	0.166	-0.080	
		-0.477	0.006	-0.504	0.652	
		0.698	-0.145	-0.728	-0.201	
		0.627	0.112	-0.852	-0.285	
		0.602	0.151	-0.984	-0.209	
		-0.775	0.204	-0.456	0.618	
		0.262	0.126	-0.864	0.214	
		0.346	0.067	-0.779	0.136	
		0.399	-0.363	-0.242	0.081	
		-0.660	0.208	-0.900	0.745	
		0.648	-0.352	-0.825	0.118	
		0.468	-0.280	-0.988	0.366	
		0.745	-0.338	-0.928	0.010	
		-0.949	-0.260	-0.572	0.981	
		0.511	-0.141	-1.270	0.326	
		0.332	-0.134	-0.394	0.096	
		0.475	-0.338	-0.148	-0.126	
		-0.504	0.135	-0.382	0.515	
		.	.	.	.	
		.	.	.	.	
		.	.	.	.	
		.	.	.	.	
		0.523	-0.383	-0.328	-0.001	
		0.647	0.021	-1.084	-0.078	
		0.648	-0.334	-0.451	-0.140	
		-0.654	-0.230	-0.364	0.795	
		.	.	.	.	
		.	.	.	.	
		.	.	.	.	
		.	.	.	.	
		0.674	-0.509	-1.045	0.283	
		0.343	-0.179	-0.618	0.259	
		0.639	-0.447	-0.219	-0.234	
		-0.387	-0.080	-0.759	0.764	
		0.487	-0.081	-0.309	-0.241	
		0.372	0.218	-0.929	0.025	
		0.509	0.020	-0.707	-0.074	
		-0.999	0.554	-0.478	0.394	
		0.518	-0.181	-0.671	0.082	
		0.466	0.234	-0.910	-0.135	
		0.729	-0.481	-0.301	-0.296	
		-0.659	0.609	-0.858	0.366	
		0.708	-0.461	-0.589	-0.036	
		0.340	-0.007	-1.004	0.311	
		0.805	-0.475	-0.640	-0.165	
		-0.877	0.049	-0.521	0.786	
		0.427	-0.060	-1.123	0.307	
		0.252	0.139	-0.642	0.093	
		0.407	-0.190	-0.255	-0.059	
		-0.844	0.599	-0.747	0.414	
		.	.	.	.	
		.	.	.	.	
		.	.	.	.	
		.	.	.	.	
		0.595	-0.450	-0.447	0.034	
		0.701	0.110	-1.099	-0.272	
		0.682	-0.365	-0.414	-0.204	
		-0.737	0.044	-0.211	0.590	
		0.670	-0.632	-0.353	-0.029	
		0.607	-0.288	-0.927	0.179	
		0.682	-0.513	-0.279	-0.200	
		-0.738	-0.046	-0.461	0.770	
		0.599	-0.371	-0.684	0.124	
		0.372	0.062	-0.568	-0.018	
		0.563	-0.606	-0.038	-0.165	
		-0.781	-0.012	-0.459	0.765	
		0.897	-0.560	-0.591	-0.329	
		0.500	-0.064	-0.702	0.020	
		0.797	-0.196	-0.893	-0.234	
		-0.809	0.381	-0.465	0.488	
		0.498	-0.158	-0.663	0.084	
		0.411	-0.241	-0.604	0.221	
		0.442	-0.307	-0.227	-0.031	
		-0.542	-0.065	-0.322	0.639	
		0.837	-0.709	-0.791	0.033	
		0.350	-0.249	-1.129	0.513	
		0.849	-0.556	-0.905	-0.023	
		-0.751	-0.165	-0.702	0.926	
		0.675	-0.372	-1.210	0.261	
		0.359	-0.142	-0.762	0.289	
		0.583	-0.413	-0.279	-0.109	
		-0.336	0.290	-0.662	0.436	

Donor SDT 2 0 4 2 0.000
	GT WMM 9 3 4 0 0.000
		0.617	0.294	-0.653	-0.726	
		1.379	-1.218	-1.424	-0.747	
		-0.707	-2.529	1.491	-1.308	
		-13.118	-13.118	2.000	-13.118	
		-13.118	-13.118	-13.118	2.000	
		1.375	-3.387	-0.303	-0.999	
		1.334	-1.974	-1.089	-0.407	
		-0.464	-2.263	1.328	-0.848	
		-0.164	-1.487	-1.284	1.226	
	NN TRM 0 0 0 0 0.000

Inter LUT 5 4 4 0 0.000
	0.534	-0.295	-0.787	0.211	
	0.747	-0.657	-0.734	0.120	
	0.214	-0.476	-0.591	0.543	
	0.533	-0.907	-0.311	0.280	
	0.567	-0.439	-0.500	0.102	
	0.639	-0.412	-0.613	0.053	
	0.362	-0.467	-0.500	0.361	
	-0.016	-0.847	-0.127	0.622	
	0.675	-0.606	-0.681	0.167	
	0.619	-0.754	-0.455	0.191	
	0.085	-0.450	-0.585	0.623	
	0.059	-0.972	-0.367	0.743	
	0.463	-0.606	-0.986	0.546	
	0.550	-0.620	-0.508	0.241	
	0.056	-0.457	-0.523	0.619	
	0.192	-0.826	-0.409	0.623	
	0.597	-0.272	-0.747	0.088	
	0.557	-0.135	-0.566	-0.085	
	0.194	-0.285	-0.736	0.521	
	0.269	-0.904	-0.361	0.567	
	0.518	-0.285	-0.490	0.050	
	0.570	-0.074	-0.794	-0.016	
	0.132	-0.238	-0.602	0.483	
	0.047	-0.506	-0.223	0.491	
	0.429	-0.152	-0.410	0.001	
	0.395	-0.331	-0.374	0.162	
	-0.097	-0.362	-0.370	0.598	
	0.074	-0.220	-0.343	0.380	
	0.410	-0.276	-1.016	0.434	
	0.279	-0.411	-0.314	0.298	
	-0.184	-0.264	-0.705	0.743	
	-0.052	-0.763	-0.352	0.733	
	0.670	-0.597	-0.582	0.111	
	0.710	-0.496	-0.466	-0.102	
	0.382	-0.398	-0.493	0.296	
	0.270	-1.027	-0.125	0.471	
	0.483	-0.534	-0.200	0.059	
	0.683	-0.652	-0.606	0.139	
	0.273	-0.348	-0.388	0.312	
	-0.081	-0.868	0.109	0.514	
	0.583	-0.640	-0.679	0.306	
	0.534	-0.498	-0.386	0.109	
	0.042	-0.631	-0.224	0.555	
	0.059	-0.950	0.064	0.481	
	0.552	-0.757	-0.443	0.271	
	0.487	-0.789	-0.047	0.074	
	0.070	-0.616	-0.245	0.540	
	0.132	-0.978	-0.370	0.698	
	0.753	-0.507	-0.982	0.144	
	0.740	-0.557	-0.609	-0.008	
	0.244	-0.455	-0.454	0.439	
	0.535	-1.138	-0.643	0.542	
	0.395	-0.411	-0.410	0.239	
	0.448	-0.412	-0.773	0.377	
	0.043	-0.313	-0.579	0.581	
	-0.027	-0.767	-0.187	0.635	
	0.626	-0.311	-0.770	0.090	
	0.601	-0.662	-0.604	0.255	
	-0.080	-0.405	0.005	0.373	
	0.188	-0.955	-0.355	0.644	
	0.445	-0.444	-0.924	0.461	
	0.508	-0.582	-0.750	0.395	
	-0.140	-0.312	-0.653	0.723	
	0.176	-0.807	-0.530	0.684	
	0.513	-0.358	-0.517	0.129	
	0.612	-0.422	-0.657	0.125	
	0.131	-0.285	-0.489	0.456	
	0.291	-0.785	-0.240	0.432	
	0.450	-0.405	-0.353	0.132	
	0.465	-0.102	-0.884	0.197	
	0.343	-0.211	-0.603	0.274	
	-0.088	-0.882	0.149	0.493	
	0.657	-0.539	-0.549	0.072	
	0.658	-0.651	-0.506	0.113	
	0.148	-0.432	-0.467	0.514	
	0.075	-0.824	-0.163	0.574	
	0.323	-0.350	-0.695	0.430	
	0.550	-0.721	-0.649	0.369	
	-0.088	-0.259	-0.334	0.516	
	-0.052	-0.635	-0.358	0.688	
	0.560	-0.122	-0.646	-0.048	
	0.470	-0.086	-0.611	0.026	
	0.138	-0.107	-0.440	0.304	
	0.096	-0.558	-0.177	0.451	
	0.178	-0.008	-0.748	0.355	
	0.689	0.089	-0.934	-0.319	
	0.001	0.039	-0.612	0.398	
	0.336	-0.739	-0.197	0.340	
	0.517	-0.306	-0.573	0.122	
	0.307	-0.222	-0.514	0.270	
	0.087	-0.257	-0.407	0.430	
	0.049	-0.807	-0.129	0.565	
	0.367	-0.051	-1.199	0.389	
	0.489	-0.501	-0.248	0.067	
	-0.108	-0.167	-0.372	0.494	
	-0.167	-0.722	-0.254	0.735	
	0.665	-0.534	-0.535	0.047	
	0.428	-0.443	-0.407	0.221	
	0.161	-0.436	-0.169	0.325	
	0.107	-0.587	-0.308	0.535	
	0.416	-0.503	-0.358	0.238	
	0.532	-0.381	-0.342	-0.003	
	0.193	-0.149	-0.616	0.382	
	0.017	-0.917	0.018	0.532	
	0.640	-0.500	-0.605	0.107	
	0.484	-0.440	-0.105	-0.097	
	0.208	-0.396	-0.314	0.358	
	0.116	-0.645	-0.272	0.534	
	0.489	-0.757	-0.758	0.499	
	0.843	-0.793	-0.470	-0.141	
	-0.020	-0.427	-0.390	0.592	
	-0.067	-0.923	-0.227	0.734	
	0.733	-0.421	-1.087	0.163	
	0.536	-0.329	-0.917	0.293	
	0.253	-0.352	-0.616	0.457	
	0.515	-1.222	-0.327	0.428	
	0.279	-0.121	-0.618	0.281	
	0.483	-0.018	-0.765	0.037	
	-0.179	-0.086	-0.764	0.665	
	-0.053	-0.625	-0.058	0.513	
	0.552	-0.449	-0.889	0.335	
	0.417	-0.400	-0.857	0.438	
	-0.056	-0.363	-0.438	0.606	
	0.212	-0.901	-0.277	0.567	
	0.361	-0.174	-1.054	0.430	
	0.407	-0.308	-0.598	0.270	
	-0.117	-0.262	-0.473	0.607	
	0.128	-0.847	-0.265	0.603	
	0.595	-0.332	-0.730	0.127	
	0.687	-0.531	-0.652	0.086	
	0.457	-0.318	-0.726	0.288	
	0.339	-0.909	-0.113	0.354	
	0.323	-0.120	-0.353	0.064	
	0.616	-0.640	-0.360	0.066	
	0.134	-0.535	-0.851	0.730	
	-0.228	-0.637	0.032	0.566	
	0.635	-0.556	-0.574	0.131	
	0.674	-0.639	-0.435	0.033	
	0.310	-0.609	-0.716	0.581	
	-0.084	-0.659	-0.285	0.680	
	0.444	-0.521	-0.927	0.503	
	0.589	-0.734	-0.252	0.076	
	0.077	-0.531	-0.198	0.466	
	-0.030	-0.814	-0.367	0.745	
	0.481	-0.287	-0.613	0.177	
	0.579	-0.425	-0.458	0.047	
	0.126	-0.196	-0.560	0.441	
	0.143	-0.896	-0.103	0.514	
	0.366	-0.213	-0.521	0.204	
	0.661	-0.237	-0.549	-0.173	
	0.144	-0.104	-0.583	0.375	
	0.279	-0.725	-0.209	0.397	
	0.415	-0.223	-0.291	-0.011	
	0.290	-0.253	-0.316	0.183	
	-0.041	-0.300	-0.218	0.439	
	-0.017	-0.660	0.007	0.458	
	0.375	-0.152	-0.972	0.372	
	0.345	-0.458	-0.329	0.269	
	-0.234	-0.132	-0.473	0.601	
	0.007	-0.643	-0.239	0.592	
	0.734	-0.708	-0.382	-0.062	
	0.839	-0.525	-0.495	-0.310	
	0.307	-0.387	-0.327	0.264	
	0.510	-1.057	-0.397	0.418	
	0.526	-0.497	-0.194	-0.032	
	0.594	-0.574	-0.446	0.117	
	0.031	-0.136	-0.345	0.357	
	0.002	-0.687	0.085	0.397	
	0.613	-0.129	-0.562	-0.186	
	0.730	-0.623	-0.266	-0.217	
	0.164	-0.987	0.099	0.382	
	0.144	-1.208	0.165	0.423	
	0.644	-0.805	-0.600	0.270	
	0.541	-0.592	-0.322	0.113	
	-0.189	-0.709	-0.175	0.701	
	0.037	-0.899	-0.200	0.648	
	0.609	-0.322	-0.676	0.068	
	0.727	-0.542	-0.765	0.098	
	-0.071	-0.243	-0.240	0.440	
	0.422	-1.086	-0.372	0.502	
	0.152	-0.065	-0.596	0.346	
	0.315	0.202	-0.814	0.052	
	-0.112	-0.224	-0.704	0.682	
	0.023	-0.665	-0.088	0.498	
	0.363	-0.076	-0.610	0.151	
	0.405	-0.376	-0.732	0.383	
	-0.238	-0.394	-0.045	0.508	
	0.075	-0.709	-0.339	0.627	
	0.388	-0.277	-0.844	0.389	
	0.448	-0.504	-0.565	0.327	
	-0.292	-0.311	-0.371	0.682	
	0.183	-0.803	-0.489	0.659	
	0.620	-0.370	-0.821	0.168	
	0.608	-0.612	-0.783	0.311	
	0.140	-0.307	-0.691	0.556	
	0.364	-1.039	-0.394	0.551	
	0.389	-0.458	-0.320	0.217	
	0.679	-0.394	-0.681	0.021	
	0.186	-0.473	-0.590	0.563	
	0.154	-1.070	-0.031	0.518	
	0.721	-0.576	-0.755	0.123	
	0.652	-0.706	-0.447	0.114	
	0.077	-0.261	-0.366	0.416	
	0.272	-1.192	-0.399	0.674	
	0.315	-0.637	-0.805	0.624	
	0.426	-0.316	-0.704	0.309	
	0.030	-0.509	-0.582	0.685	
	0.006	-0.911	-0.544	0.830	
	0.625	-0.428	-0.652	0.109	
	0.510	-0.408	-0.574	0.203	
	0.011	-0.234	-0.529	0.535	
	0.247	-0.874	-0.376	0.582	
	0.529	-0.404	-0.501	0.130	
	0.749	-0.015	-0.801	-0.404	
	0.084	-0.124	-0.457	0.372	
	0.118	-0.499	-0.108	0.355	
	0.570	-0.410	-0.572	0.125	
	0.278	-0.397	-0.338	0.307	
	-0.007	-0.302	-0.523	0.583	
	-0.051	-0.693	-0.092	0.564	
	0.350	-0.503	-0.983	0.599	
	0.304	-0.452	-0.474	0.394	
	-0.326	-0.255	-0.483	0.722	
	-0.112	-0.433	-0.405	0.659	
	0.633	-0.600	-0.638	0.198	
	0.447	-0.617	0.041	-0.065	
	0.209	-0.471	-0.186	0.314	
	0.128	-0.827	-0.141	0.523	
	0.468	-0.650	-0.278	0.208	
	0.570	-0.358	-0.669	0.145	
	0.094	-0.286	-0.407	0.442	
	0.028	-0.827	0.029	0.482	
	0.637	-0.547	-0.598	0.137	
	0.500	-0.472	-0.403	0.148	
	0.278	-0.667	-0.121	0.308	
	0.213	-0.917	-0.139	0.489	
	0.429	-0.688	-0.730	0.516	
	0.462	-0.341	-0.517	0.181	
	-0.065	-0.545	-0.439	0.697	
	-0.060	-1.035	-0.409	0.848	
	0.798	-0.576	-1.038	0.142	
	0.543	-0.297	-0.734	0.173	
	0.104	-0.374	-0.443	0.504	
	0.375	-1.032	-0.548	0.614	
	0.467	-0.595	-0.582	0.365	
	0.503	-0.157	-0.758	0.130	
	0.039	-0.332	-0.577	0.593	
	0.074	-0.771	-0.129	0.533	
	0.678	-0.587	-0.838	0.233	
	0.494	-0.491	-0.743	0.359	
	0.077	-0.529	-0.508	0.631	
	0.093	-1.107	-0.335	0.745	
	0.525	-0.568	-0.898	0.433	
	0.411	-0.432	-0.689	0.388	
	-0.157	-0.436	-0.536	0.744	
	0.268	-0.761	-0.522	0.594	

Intron LUT 5 4 4 0 0.000
	0.654	-0.434	-1.032	0.260	
	0.835	-0.610	-1.167	0.158	
	0.054	-0.589	-0.495	0.667	
	0.566	-1.025	-0.397	0.343	
	0.481	-0.374	-0.571	0.214	
	0.549	-0.199	-0.965	0.206	
	0.400	-0.520	-0.463	0.331	
	-0.007	-0.883	-0.255	0.700	
	0.576	-0.491	-0.840	0.308	
	0.613	-0.655	-0.726	0.300	
	-0.197	-0.668	-0.714	0.918	
	0.149	-1.120	-0.445	0.763	
	0.479	-0.705	-1.044	0.592	
	0.526	-0.463	-0.892	0.374	
	0.011	-0.592	-0.506	0.700	
	0.226	-0.996	-0.491	0.694	
	0.602	-0.355	-0.884	0.212	
	0.551	0.018	-0.884	-0.028	
	0.024	-0.461	-0.547	0.653	
	0.370	-1.142	-0.425	0.595	
	0.413	-0.243	-0.581	0.209	
	0.669	-0.037	-1.188	-0.005	
	-0.023	-0.296	-0.679	0.657	
	0.105	-0.472	-0.347	0.504	
	0.195	0.013	-0.283	0.034	
	0.416	-0.281	-0.489	0.177	
	-0.499	-0.381	-0.222	0.738	
	0.195	-0.425	-0.342	0.403	
	0.483	-0.449	-1.102	0.489	
	0.399	-0.483	-0.541	0.354	
	-0.274	-0.471	-0.713	0.881	
	0.095	-1.054	-0.441	0.777	
	0.608	-0.522	-0.910	0.318	
	0.793	-0.419	-0.927	-0.009	
	0.163	-0.560	-0.301	0.476	
	0.308	-1.179	-0.136	0.496	
	0.410	-0.446	-0.346	0.203	
	0.736	-0.661	-1.071	0.295	
	0.230	-0.415	-0.285	0.329	
	0.011	-1.032	-0.009	0.594	
	0.368	-0.449	-1.012	0.567	
	0.508	-0.348	-0.751	0.261	
	-0.281	-0.746	-0.222	0.785	
	0.338	-1.184	0.106	0.286	
	0.679	-0.966	-0.533	0.258	
	0.524	-0.809	-0.269	0.217	
	0.072	-0.863	-0.213	0.619	
	0.279	-1.308	-0.408	0.704	
	0.703	-0.462	-1.055	0.220	
	0.833	-0.527	-0.995	0.032	
	0.194	-0.516	-0.408	0.488	
	0.626	-1.303	-0.690	0.517	
	0.358	-0.375	-0.544	0.335	
	0.447	-0.340	-1.300	0.527	
	-0.080	-0.344	-0.556	0.665	
	0.007	-0.816	-0.332	0.707	
	0.632	-0.364	-0.724	0.094	
	0.600	-0.499	-0.908	0.315	
	-0.376	-0.478	0.179	0.464	
	0.229	-1.080	-0.359	0.656	
	0.466	-0.500	-1.043	0.512	
	0.610	-0.594	-1.139	0.440	
	-0.190	-0.420	-0.628	0.790	
	0.218	-0.980	-0.665	0.765	
	0.537	-0.429	-0.588	0.191	
	0.587	-0.273	-0.960	0.210	
	-0.039	-0.486	-0.231	0.546	
	0.325	-1.012	-0.273	0.510	
	0.348	-0.380	-0.322	0.212	
	0.335	0.197	-1.491	0.306	
	0.380	-0.199	-0.600	0.224	
	0.005	-0.891	0.032	0.521	
	0.683	-0.514	-0.623	0.064	
	0.596	-0.367	-0.744	0.158	
	-0.248	-0.664	-0.630	0.911	
	0.108	-0.840	-0.109	0.523	
	0.327	-0.318	-0.774	0.443	
	0.510	-0.539	-1.060	0.494	
	-0.216	-0.285	-0.269	0.574	
	0.043	-0.649	-0.489	0.696	
	0.589	-0.108	-0.811	-0.003	
	0.608	-0.177	-0.826	0.039	
	0.093	-0.394	-0.164	0.356	
	0.185	-0.797	-0.084	0.427	
	0.014	-0.057	-0.670	0.485	
	0.722	0.202	-1.396	-0.287	
	-0.306	0.188	-0.806	0.566	
	0.432	-0.964	-0.179	0.328	
	0.525	-0.290	-0.691	0.168	
	0.330	-0.151	-0.693	0.292	
	0.008	-0.137	-0.540	0.482	
	0.081	-0.844	-0.112	0.545	
	0.441	-0.140	-1.244	0.392	
	0.667	-0.672	-0.332	-0.014	
	-0.163	-0.233	-0.320	0.541	
	-0.015	-1.072	-0.251	0.760	
	0.654	-0.548	-0.714	0.180	
	0.427	-0.516	-0.715	0.430	
	-0.061	-0.576	0.147	0.337	
	0.137	-0.540	-0.463	0.572	
	0.307	-0.469	-0.447	0.386	
	0.548	-0.340	-0.550	0.092	
	0.170	-0.155	-0.634	0.414	
	0.085	-0.921	-0.048	0.529	
	0.664	-0.393	-0.889	0.156	
	0.454	-0.229	-0.257	-0.089	
	-0.061	-0.266	-0.334	0.502	
	0.259	-0.641	-0.376	0.477	
	0.598	-0.932	-0.983	0.543	
	0.746	-0.600	-0.596	0.003	
	-0.206	-0.450	-0.251	0.642	
	0.092	-1.093	-0.298	0.725	
	0.735	-0.387	-1.275	0.211	
	0.542	-0.197	-1.382	0.365	
	0.131	-0.454	-0.409	0.507	
	0.515	-1.315	-0.367	0.479	
	0.130	-0.065	-0.765	0.445	
	0.540	0.107	-1.282	0.082	
	-0.394	-0.069	-0.950	0.822	
	0.070	-0.871	-0.097	0.554	
	0.424	-0.286	-0.983	0.414	
	0.402	-0.295	-1.212	0.519	
	-0.406	-0.284	-0.288	0.683	
	0.211	-0.844	-0.417	0.619	
	0.410	-0.234	-1.153	0.455	
	0.418	-0.185	-0.921	0.329	
	-0.191	-0.357	-0.464	0.694	
	0.205	-1.005	-0.356	0.649	
	0.642	-0.339	-0.957	0.180	
	0.788	-0.430	-1.008	0.047	
	0.358	-0.559	-0.512	0.421	
	0.437	-1.165	-0.058	0.310	
	0.249	0.016	-0.468	0.108	
	0.564	-0.565	-0.621	0.258	
	0.079	-0.438	-0.747	0.687	
	-0.201	-0.723	0.116	0.527	
	0.637	-0.441	-0.922	0.239	
	0.736	-0.473	-0.777	0.044	
	-0.043	-0.838	-1.028	0.985	
	-0.030	-0.884	-0.267	0.720	
	0.526	-0.593	-1.085	0.511	
	0.589	-0.711	-0.474	0.220	
	-0.134	-0.653	-0.103	0.606	
	0.027	-1.000	-0.474	0.817	
	0.454	-0.306	-0.612	0.223	
	0.650	-0.366	-0.535	-0.052	
	-0.089	-0.227	-0.230	0.436	
	0.221	-1.145	-0.019	0.480	
	0.261	-0.174	-0.531	0.290	
	0.707	-0.222	-0.750	-0.127	
	0.029	-0.198	-0.434	0.452	
	0.400	-0.801	-0.158	0.275	
	0.288	-0.197	-0.165	0.022	
	0.252	-0.065	-0.354	0.099	
	-0.310	-0.405	0.111	0.442	
	0.048	-0.746	0.131	0.351	
	0.446	-0.177	-1.153	0.382	
	0.445	-0.429	-0.494	0.246	
	-0.299	-0.196	-0.515	0.691	
	0.199	-0.874	-0.310	0.584	
	0.721	-0.721	-0.504	0.056	
	0.924	-0.389	-0.838	-0.359	
	0.136	-0.442	-0.289	0.429	
	0.688	-1.418	-0.505	0.389	
	0.501	-0.368	-0.448	0.107	
	0.689	-0.547	-0.813	0.182	
	-0.091	-0.111	-0.366	0.443	
	-0.010	-0.726	0.066	0.438	
	0.520	0.002	-0.719	-0.063	
	0.842	-0.503	-0.570	-0.272	
	-0.119	-0.977	0.136	0.558	
	0.209	-1.486	0.262	0.365	
	0.867	-1.180	-0.772	0.201	
	0.539	-0.364	-0.719	0.217	
	-0.080	-1.003	-0.294	0.799	
	0.083	-1.056	-0.192	0.664	
	0.447	-0.320	-0.320	0.048	
	0.716	-0.485	-1.000	0.193	
	-0.229	-0.285	-0.030	0.430	
	0.387	-1.266	-0.146	0.457	
	0.125	-0.124	-0.716	0.468	
	0.254	0.276	-1.236	0.229	
	-0.351	-0.232	-0.838	0.852	
	0.111	-0.823	-0.129	0.526	
	0.213	-0.194	-0.158	0.099	
	0.338	-0.174	-0.965	0.420	
	-0.645	-0.451	0.199	0.566	
	0.134	-0.730	-0.348	0.599	
	0.328	-0.237	-0.991	0.479	
	0.467	-0.556	-0.911	0.492	
	-0.431	-0.436	-0.286	0.765	
	0.203	-0.976	-0.552	0.730	
	0.655	-0.459	-0.999	0.259	
	0.637	-0.565	-1.125	0.390	
	0.017	-0.397	-0.756	0.711	
	0.393	-1.167	-0.367	0.552	
	0.298	-0.441	-0.388	0.344	
	0.728	-0.191	-1.156	0.026	
	0.149	-0.488	-0.592	0.599	
	0.233	-1.203	-0.165	0.583	
	0.697	-0.493	-0.808	0.133	
	0.757	-0.606	-0.800	0.110	
	-0.010	-0.293	-0.335	0.483	
	0.335	-1.278	-0.418	0.658	
	0.332	-0.772	-0.949	0.712	
	0.439	-0.113	-1.168	0.349	
	-0.011	-0.668	-0.603	0.782	
	0.055	-0.958	-0.710	0.876	
	0.627	-0.522	-0.742	0.216	
	0.551	-0.293	-0.986	0.280	
	-0.171	-0.383	-0.229	0.577	
	0.321	-1.155	-0.433	0.643	
	0.509	-0.492	-0.458	0.186	
	0.899	-0.095	-1.229	-0.372	
	-0.018	-0.139	-0.296	0.368	
	0.271	-0.633	-0.207	0.359	
	0.550	-0.336	-0.664	0.154	
	0.322	-0.478	-0.413	0.357	
	-0.235	-0.248	-0.446	0.654	
	0.002	-0.853	-0.100	0.596	
	0.455	-0.716	-1.049	0.620	
	0.416	-0.448	-0.743	0.417	
	-0.408	-0.405	-0.421	0.803	
	0.059	-0.664	-0.528	0.708	
	0.653	-0.722	-0.944	0.380	
	0.594	-0.467	-0.491	0.078	
	-0.011	-0.599	-0.043	0.461	
	0.228	-0.933	-0.278	0.566	
	0.351	-0.701	-0.346	0.404	
	0.605	-0.168	-1.135	0.181	
	0.119	-0.341	-0.400	0.451	
	0.182	-0.886	-0.131	0.497	
	0.584	-0.556	-0.715	0.277	
	0.559	-0.360	-0.716	0.188	
	0.060	-0.709	-0.100	0.498	
	0.369	-1.023	-0.214	0.437	
	0.502	-0.955	-0.891	0.613	
	0.437	-0.265	-0.874	0.343	
	-0.213	-0.659	-0.345	0.780	
	0.019	-1.172	-0.543	0.893	
	0.803	-0.570	-1.163	0.183	
	0.646	-0.237	-1.212	0.208	
	0.035	-0.413	-0.380	0.542	
	0.417	-1.108	-0.612	0.629	
	0.378	-0.614	-0.651	0.496	
	0.567	-0.086	-1.195	0.188	
	0.001	-0.300	-0.616	0.618	
	0.179	-0.832	-0.196	0.520	
	0.646	-0.540	-1.000	0.318	
	0.489	-0.292	-1.162	0.415	
	-0.151	-0.524	-0.343	0.692	
	0.108	-1.072	-0.438	0.773	
	0.556	-0.646	-0.987	0.471	
	0.510	-0.359	-1.155	0.431	
	-0.195	-0.573	-0.525	0.815	
	0.265	-0.924	-0.713	0.733	

Start SDT 3 0 4 2 0.000
	ATG WMM 12 6 4 0 0.000
		0.368	-0.821	-0.245	0.378	
		0.331	-0.466	-0.644	0.463	
		0.566	-0.215	-0.734	0.081	
		1.212	-1.401	-0.234	-1.137	
		0.883	-0.436	-0.893	-0.184	
		0.710	-0.242	-0.669	-0.166	
		2.000	-10.497	-10.497	-10.497	
		-10.497	-10.497	-10.497	2.000	
		-10.497	-10.497	2.000	-10.497	
		0.240	-0.867	0.395	-0.060	
		0.427	0.377	-0.877	-0.295	
		0.118	-0.685	-0.035	0.400	
	NNN TRM 0 0 0 0 0.000

Stop SDT 3 0 4 4 0.000
	TAA WMM 9 6 4 0 0.000
		0.466	-0.558	0.095	-0.199	
		0.494	-0.267	-0.733	0.213	
		0.398	-0.617	-0.292	0.279	
		0.521	-0.702	-0.095	0.020	
		0.392	-0.496	-0.761	0.474	
		0.295	-0.922	-0.107	0.398	
		-9.591	-9.591	-9.591	1.999	
		1.999	-9.591	-9.591	-9.591	
		1.999	-9.591	-9.591	-9.591	
	TAG WMM 9 6 4 0 0.000
		0.269	-0.381	0.156	-0.132	
		0.485	-0.373	-0.635	0.245	
		0.304	-0.445	-0.373	0.332	
		0.419	-0.711	-0.056	0.124	
		0.250	-0.366	-0.626	0.472	
		0.224	-1.001	0.034	0.388	
		-7.920	-7.920	-7.920	1.996	
		1.996	-7.920	-7.920	-7.920	
		-7.920	-7.920	1.996	-7.920	
	TGA WMM 9 6 4 0 0.000
		0.436	-0.514	0.080	-0.168	
		0.480	-0.343	-0.537	0.173	
		0.298	-0.532	-0.257	0.313	
		0.431	-0.652	0.171	-0.168	
		0.223	-0.158	-0.456	0.271	
		0.159	-0.692	0.133	0.223	
		-8.827	-8.827	-8.827	1.998	
		-8.827	-8.827	1.998	-8.827	
		1.998	-8.827	-8.827	-8.827	
	NNN TRM 0 0 0 0 0.000

