zoeHMM D.melanogster 7 12 7 7

<STATES>

Einit	0	0	3	-1	explicit
Esngl	0	0	150	-1	explicit
Eterm	0	0	3	-1	explicit
Exon	0	0	6	-1	explicit
Inter	0.9	0.9	0	0	geometric
Intron	0.1	0.1	0	0	geometric
ORF	0	0	100	-1	explicit

<STATE_TRANSITIONS>

Einit	Intron	1
Esngl	Inter	1
Eterm	Inter	1
Exon	Intron	1
Inter	Einit	0.750831
Inter	Esngl	0.249169
Inter	ORF	1
Intron	Eterm	0.233230
Intron	Exon	0.766770
Intron	ORF	1
ORF	Inter	1
ORF	Intron	1

<PHASE_PREFERENCES>

0.429204
0.378319
0.192478
0.576562
0.245312
0.178125
0.580508
0.243644
0.175847
0.604278
0.192513
0.203209
0.755396
0.244604
0.769829
0.230171
0.783080
0.216920

<STATE_DURATIONS>

Einit 2
	DEFINED 0 249
		-9.107 -9.047 -8.989 -8.934 -8.880 
		-8.829 -8.779 -8.731 -8.685 -8.640 
		-8.596 -8.551 -8.507 -8.464 -8.423 
		-8.383 -8.344 -8.305 -8.268 -8.232 
		-8.197 -8.162 -8.129 -8.096 -8.064 
		-8.032 -8.001 -7.971 -7.942 -7.913 
		-7.884 -7.855 -7.825 -7.797 -7.769 
		-7.742 -7.715 -7.688 -7.662 -7.637 
		-7.612 -7.620 -7.627 -7.635 -7.643 
		-7.651 -7.659 -7.667 -7.675 -7.683 
		-7.692 -7.698 -7.705 -7.711 -7.718 
		-7.725 -7.731 -7.738 -7.745 -7.752 
		-7.759 -7.762 -7.766 -7.769 -7.772 
		-7.776 -7.779 -7.783 -7.786 -7.790 
		-7.793 -7.831 -7.869 -7.909 -7.949 
		-7.991 -8.034 -8.078 -8.124 -8.171 
		-8.220 -8.204 -8.187 -8.171 -8.155 
		-8.140 -8.124 -8.109 -8.094 -8.078 
		-8.064 -8.053 -8.042 -8.032 -8.022 
		-8.011 -8.001 -7.991 -7.981 -7.971 
		-7.961 -7.965 -7.969 -7.973 -7.977 
		-7.981 -7.985 -7.989 -7.993 -7.997 
		-8.001 -8.022 -8.042 -8.064 -8.085 
		-8.107 -8.129 -8.151 -8.174 -8.197 
		-8.220 -8.244 -8.268 -8.293 -8.318 
		-8.344 -8.370 -8.396 -8.423 -8.451 
		-8.479 -8.496 -8.513 -8.530 -8.548 
		-8.566 -8.584 -8.603 -8.621 -8.640 
		-8.659 -8.675 -8.692 -8.708 -8.725 
		-8.742 -8.759 -8.776 -8.793 -8.811 
		-8.829 -8.840 -8.851 -8.862 -8.873 
		-8.884 -8.895 -8.907 -8.918 -8.930 
		-8.942 -8.977 -9.013 -9.051 -9.089 
		-9.129 -9.169 -9.211 -9.254 -9.298 
		-9.344 -9.338 -9.333 -9.328 -9.323 
		-9.318 -9.313 -9.308 -9.303 -9.298 
		-9.293 -9.308 -9.323 -9.338 -9.354 
		-9.370 -9.385 -9.401 -9.418 -9.434 
		-9.451 -9.473 -9.496 -9.519 -9.542 
		-9.566 -9.590 -9.615 -9.640 -9.666 
		-9.692 -9.653 -9.615 -9.578 -9.542 
		-9.507 -9.473 -9.439 -9.407 -9.375 
		-9.344 -9.380 -9.418 -9.456 -9.496 
		-9.536 -9.578 -9.621 -9.666 -9.711 
		-9.759 -9.772 -9.786 -9.800 -9.815 
		-9.829 -9.844 -9.858 -9.873 -9.888 
		-9.903 -9.880 -9.858 -9.836 -9.815 
		-9.793 -9.772 -9.752 -9.731 -9.711 
		-9.692 -9.705 -9.718 -9.731 -9.745 
		-9.759 -9.772 -9.786 -9.800 -9.815 
	GEOMETRIC 250 -1
		256

Esngl 1
	GEOMETRIC 0 -1
		1000

Eterm 2
	DEFINED 0 249
		-10.254 -10.161 -10.073 -9.991 -9.913 
		-9.839 -9.768 -9.701 -9.637 -9.576 
		-9.517 -9.499 -9.482 -9.466 -9.449 
		-9.433 -9.416 -9.400 -9.384 -9.369 
		-9.353 -9.369 -9.384 -9.400 -9.416 
		-9.433 -9.449 -9.466 -9.482 -9.499 
		-9.517 -9.488 -9.460 -9.433 -9.406 
		-9.379 -9.353 -9.328 -9.303 -9.278 
		-9.254 -9.239 -9.225 -9.211 -9.197 
		-9.183 -9.170 -9.156 -9.143 -9.129 
		-9.116 -9.094 -9.073 -9.052 -9.031 
		-9.011 -8.991 -8.971 -8.951 -8.932 
		-8.913 -8.909 -8.905 -8.901 -8.898 
		-8.894 -8.890 -8.886 -8.883 -8.879 
		-8.875 -8.853 -8.831 -8.810 -8.789 
		-8.768 -8.748 -8.728 -8.708 -8.688 
		-8.669 -8.669 -8.669 -8.669 -8.669 
		-8.669 -8.669 -8.669 -8.669 -8.669 
		-8.669 -8.662 -8.656 -8.650 -8.643 
		-8.637 -8.631 -8.624 -8.618 -8.612 
		-8.606 -8.600 -8.594 -8.588 -8.582 
		-8.576 -8.570 -8.564 -8.558 -8.552 
		-8.546 -8.546 -8.546 -8.546 -8.546 
		-8.546 -8.546 -8.546 -8.546 -8.546 
		-8.546 -8.543 -8.540 -8.537 -8.534 
		-8.531 -8.528 -8.525 -8.522 -8.520 
		-8.517 -8.537 -8.558 -8.579 -8.600 
		-8.621 -8.643 -8.665 -8.688 -8.711 
		-8.734 -8.728 -8.721 -8.714 -8.708 
		-8.701 -8.695 -8.688 -8.682 -8.675 
		-8.669 -8.650 -8.631 -8.612 -8.594 
		-8.576 -8.558 -8.540 -8.522 -8.505 
		-8.488 -8.508 -8.528 -8.549 -8.570 
		-8.591 -8.612 -8.634 -8.656 -8.678 
		-8.701 -8.695 -8.688 -8.682 -8.675 
		-8.669 -8.662 -8.656 -8.650 -8.643 
		-8.637 -8.640 -8.643 -8.646 -8.650 
		-8.653 -8.656 -8.659 -8.662 -8.665 
		-8.669 -8.685 -8.701 -8.718 -8.734 
		-8.751 -8.768 -8.785 -8.803 -8.821 
		-8.839 -8.860 -8.883 -8.905 -8.928 
		-8.951 -8.975 -8.999 -9.023 -9.048 
		-9.073 -9.103 -9.134 -9.165 -9.197 
		-9.230 -9.263 -9.298 -9.333 -9.369 
		-9.406 -9.384 -9.364 -9.343 -9.323 
		-9.303 -9.283 -9.263 -9.244 -9.225 
		-9.206 -9.206 -9.206 -9.206 -9.206 
		-9.206 -9.206 -9.206 -9.206 -9.206 
		-9.206 -9.225 -9.244 -9.263 -9.283 
		-9.303 -9.323 -9.343 -9.364 -9.384 
	GEOMETRIC 250 -1
		417

Exon 2
	DEFINED 0 249
		-9.422 -9.557 -9.704 -9.869 -10.055 
		-10.269 -10.520 -10.824 -11.209 -11.736 
		-12.576 -12.492 -12.413 -12.337 -12.266 
		-12.198 -12.133 -12.070 -12.011 -11.953 
		-11.898 -11.785 -11.681 -11.583 -11.492 
		-11.406 -11.325 -11.249 -11.176 -11.106 
		-11.040 -10.925 -10.819 -10.720 -10.628 
		-10.541 -10.459 -10.381 -10.307 -10.237 
		-10.170 -10.112 -10.055 -10.001 -9.949 
		-9.898 -9.849 -9.802 -9.757 -9.712 
		-9.669 -9.622 -9.576 -9.532 -9.489 
		-9.447 -9.406 -9.367 -9.328 -9.291 
		-9.254 -9.206 -9.159 -9.114 -9.070 
		-9.028 -8.986 -8.946 -8.907 -8.869 
		-8.832 -8.808 -8.783 -8.760 -8.736 
		-8.713 -8.691 -8.668 -8.646 -8.625 
		-8.604 -8.581 -8.558 -8.536 -8.514 
		-8.493 -8.472 -8.451 -8.431 -8.410 
		-8.390 -8.368 -8.347 -8.325 -8.304 
		-8.283 -8.263 -8.243 -8.223 -8.203 
		-8.184 -8.170 -8.157 -8.143 -8.130 
		-8.117 -8.104 -8.091 -8.078 -8.065 
		-8.053 -8.042 -8.032 -8.021 -8.011 
		-8.000 -7.990 -7.980 -7.970 -7.960 
		-7.950 -7.939 -7.928 -7.917 -7.906 
		-7.895 -7.885 -7.874 -7.864 -7.853 
		-7.843 -7.837 -7.832 -7.827 -7.821 
		-7.816 -7.811 -7.805 -7.800 -7.795 
		-7.790 -7.793 -7.797 -7.801 -7.804 
		-7.808 -7.812 -7.815 -7.819 -7.823 
		-7.827 -7.836 -7.845 -7.854 -7.864 
		-7.873 -7.882 -7.892 -7.902 -7.911 
		-7.921 -7.932 -7.944 -7.956 -7.967 
		-7.979 -7.991 -8.003 -8.016 -8.028 
		-8.040 -8.055 -8.070 -8.086 -8.101 
		-8.117 -8.133 -8.149 -8.165 -8.181 
		-8.198 -8.224 -8.250 -8.277 -8.304 
		-8.332 -8.361 -8.390 -8.419 -8.449 
		-8.480 -8.496 -8.511 -8.527 -8.542 
		-8.558 -8.574 -8.591 -8.607 -8.624 
		-8.641 -8.669 -8.699 -8.728 -8.759 
		-8.790 -8.821 -8.854 -8.887 -8.921 
		-8.956 -8.982 -9.008 -9.035 -9.063 
		-9.091 -9.119 -9.149 -9.178 -9.209 
		-9.240 -9.253 -9.266 -9.279 -9.292 
		-9.306 -9.319 -9.333 -9.347 -9.361 
		-9.375 -9.381 -9.387 -9.394 -9.400 
		-9.406 -9.413 -9.419 -9.426 -9.432 
		-9.439 -9.449 -9.459 -9.469 -9.479 
		-9.489 -9.499 -9.509 -9.520 -9.530 
	GEOMETRIC 250 -1
		339

Inter 1
	GEOMETRIC 0 -1
		500

Intron 1
	GEOMETRIC 0 -1
		378

ORF 2
	DEFINED 0 249
		-9.422 -9.557 -9.704 -9.869 -10.055 
		-10.269 -10.520 -10.824 -11.209 -11.736 
		-12.576 -12.492 -12.413 -12.337 -12.266 
		-12.198 -12.133 -12.070 -12.011 -11.953 
		-11.898 -11.785 -11.681 -11.583 -11.492 
		-11.406 -11.325 -11.249 -11.176 -11.106 
		-11.040 -10.925 -10.819 -10.720 -10.628 
		-10.541 -10.459 -10.381 -10.307 -10.237 
		-10.170 -10.112 -10.055 -10.001 -9.949 
		-9.898 -9.849 -9.802 -9.757 -9.712 
		-9.669 -9.622 -9.576 -9.532 -9.489 
		-9.447 -9.406 -9.367 -9.328 -9.291 
		-9.254 -9.206 -9.159 -9.114 -9.070 
		-9.028 -8.986 -8.946 -8.907 -8.869 
		-8.832 -8.808 -8.783 -8.760 -8.736 
		-8.713 -8.691 -8.668 -8.646 -8.625 
		-8.604 -8.581 -8.558 -8.536 -8.514 
		-8.493 -8.472 -8.451 -8.431 -8.410 
		-8.390 -8.368 -8.347 -8.325 -8.304 
		-8.283 -8.263 -8.243 -8.223 -8.203 
		-8.184 -8.170 -8.157 -8.143 -8.130 
		-8.117 -8.104 -8.091 -8.078 -8.065 
		-8.053 -8.042 -8.032 -8.021 -8.011 
		-8.000 -7.990 -7.980 -7.970 -7.960 
		-7.950 -7.939 -7.928 -7.917 -7.906 
		-7.895 -7.885 -7.874 -7.864 -7.853 
		-7.843 -7.837 -7.832 -7.827 -7.821 
		-7.816 -7.811 -7.805 -7.800 -7.795 
		-7.790 -7.793 -7.797 -7.801 -7.804 
		-7.808 -7.812 -7.815 -7.819 -7.823 
		-7.827 -7.836 -7.845 -7.854 -7.864 
		-7.873 -7.882 -7.892 -7.902 -7.911 
		-7.921 -7.932 -7.944 -7.956 -7.967 
		-7.979 -7.991 -8.003 -8.016 -8.028 
		-8.040 -8.055 -8.070 -8.086 -8.101 
		-8.117 -8.133 -8.149 -8.165 -8.181 
		-8.198 -8.224 -8.250 -8.277 -8.304 
		-8.332 -8.361 -8.390 -8.419 -8.449 
		-8.480 -8.496 -8.511 -8.527 -8.542 
		-8.558 -8.574 -8.591 -8.607 -8.624 
		-8.641 -8.669 -8.699 -8.728 -8.759 
		-8.790 -8.821 -8.854 -8.887 -8.921 
		-8.956 -8.982 -9.008 -9.035 -9.063 
		-9.091 -9.119 -9.149 -9.178 -9.209 
		-9.240 -9.253 -9.266 -9.279 -9.292 
		-9.306 -9.319 -9.333 -9.347 -9.361 
		-9.375 -9.381 -9.387 -9.394 -9.400 
		-9.406 -9.413 -9.419 -9.426 -9.432 
		-9.439 -9.449 -9.459 -9.469 -9.479 
		-9.489 -9.499 -9.509 -9.520 -9.530 
	GEOMETRIC 250 -1
		339

<SEQUENCE_MODELS>

Acceptor SDT 2 1 4 2 0.000
	AG SAM 40 36 4 40 0.000
		I-37 LUT 3 2 4 0 0.000
			0.558	-0.604	-0.566	0.257	
			0.401	0.014	-0.780	0.121	
			0.109	-0.083	-1.154	0.612	
			0.139	-0.693	-0.408	0.610	
			0.305	-0.358	-0.773	0.484	
			0.856	-0.222	-0.933	-0.305	
			0.707	-1.615	-0.807	0.555	
			0.512	-0.453	-0.758	0.324	
			0.652	-1.070	-1.222	0.608	
			0.415	-0.170	-1.170	0.415	
			0.234	-0.087	-0.503	0.234	
			0.079	-0.821	-0.143	0.557	
			0.671	-0.780	-0.932	0.380	
			0.072	0.024	-0.561	0.327	
			0.468	-0.197	-0.532	0.074	
			0.090	-0.669	-0.254	0.554	
		I-36 LUT 3 2 4 0 0.000
			0.515	-0.222	-1.037	0.295	
			0.234	-0.350	-1.087	0.650	
			0.368	-0.080	-0.539	0.105	
			0.060	-0.512	-0.512	0.636	
			0.439	-0.112	-1.597	0.473	
			0.528	0.218	-0.967	-0.178	
			0.387	0.206	-1.379	0.206	
			0.057	-0.184	-0.943	0.642	
			0.608	-0.907	-1.014	0.534	
			0.415	-0.459	-0.874	0.479	
			-0.030	0.086	-0.615	0.385	
			-0.149	-0.865	0.328	0.372	
			0.524	-0.337	-1.415	0.481	
			0.468	0.346	-1.157	-0.157	
			0.510	-0.186	-0.585	0.043	
			0.129	-0.445	-0.544	0.571	
		I-35 LUT 3 2 4 0 0.000
			0.631	-0.789	-0.450	0.190	
			0.581	-0.711	-0.390	0.176	
			0.678	-0.222	-1.129	0.119	
			0.389	-0.652	-0.355	0.348	
			0.519	-0.907	-0.819	0.553	
			-0.048	0.300	-0.923	0.350	
			0.348	-0.290	-0.874	0.447	
			0.272	-0.336	-0.406	0.316	
			0.520	-0.640	-0.921	0.482	
			0.089	-0.134	-0.844	0.554	
			0.720	-0.213	-0.350	-0.503	
			0.263	-1.322	-0.404	0.718	
			0.364	-0.330	-0.610	0.337	
			0.327	-0.075	-0.635	0.205	
			0.331	-0.369	-0.867	0.505	
			0.129	-0.579	-0.937	0.778	
		I-34 LUT 3 2 4 0 0.000
			0.548	-0.739	-0.872	0.477	
			0.429	-0.199	-0.751	0.249	
			0.650	-0.972	-1.350	0.613	
			0.224	-0.336	-0.800	0.551	
			0.448	-0.367	-1.426	0.574	
			0.575	0.030	-0.854	-0.095	
			0.978	-0.481	-1.259	-0.159	
			0.237	-0.256	-0.552	0.381	
			0.754	-0.865	-0.672	0.186	
			0.577	-0.182	-0.883	0.117	
			0.549	-0.036	-0.773	-0.036	
			0.201	-0.121	0.142	-0.273	
			0.599	-0.542	-1.307	0.479	
			-0.268	-0.204	-0.268	0.557	
			0.441	-0.807	-0.637	0.515	
			0.129	-0.727	-0.767	0.778	
		I-33 LUT 3 2 4 0 0.000
			0.385	-0.129	-0.510	0.108	
			0.259	-0.098	-1.157	0.506	
			0.397	0.156	-1.304	0.220	
			0.209	-0.322	-0.322	0.316	
			0.267	0.038	-1.361	0.465	
			0.642	0.035	-1.773	0.166	
			0.601	-0.858	-1.051	0.534	
			0.066	-0.218	-0.218	0.303	
			0.637	-0.454	-0.729	0.152	
			0.851	-1.087	-0.865	0.234	
			0.450	-0.550	-1.036	0.549	
			0.387	-0.893	-0.531	0.547	
			0.460	-0.562	-0.977	0.525	
			0.438	-0.867	-0.954	0.661	
			0.454	-0.151	-0.987	0.293	
			0.228	-0.120	-1.094	0.525	
		I-32 LUT 3 2 4 0 0.000
			0.507	-0.407	-1.026	0.415	
			0.041	0.119	-1.042	0.485	
			0.307	-0.352	-0.352	0.258	
			0.206	-1.000	-0.146	0.528	
			0.448	0.033	-1.311	0.274	
			0.476	0.139	-0.408	-0.408	
			0.812	-0.550	-0.550	-0.188	
			0.320	-0.796	-0.506	0.558	
			0.566	-0.644	-0.644	0.310	
			0.505	0.046	-1.632	0.294	
			-0.087	0.234	-1.087	0.497	
			0.105	-0.217	-0.539	0.461	
			0.682	-0.413	-1.622	0.400	
			0.072	0.072	-0.776	0.394	
			0.255	-0.309	-0.441	0.337	
			0.151	-0.579	-0.827	0.728	
		I-31 LUT 3 2 4 0 0.000
			0.335	-0.298	-1.269	0.595	
			0.415	-0.924	-1.204	0.770	
			0.454	-0.283	-0.730	0.270	
			0.279	-0.364	-0.229	0.210	
			0.247	-0.298	-0.561	0.403	
			0.517	0.039	-0.681	-0.124	
			0.678	-0.611	-1.459	0.467	
			0.308	-0.392	-0.170	0.152	
			0.508	-0.585	-0.684	0.366	
			-0.182	0.117	-0.713	0.510	
			0.787	-0.503	-0.865	0.028	
			0.744	-1.426	-0.339	0.218	
			0.562	-0.261	-1.023	0.260	
			-0.029	0.135	-1.350	0.613	
			0.259	-0.347	-0.548	0.415	
			0.052	-0.425	-0.663	0.666	
		I-30 LUT 3 2 4 0 0.000
			0.249	-0.236	-0.821	0.482	
			0.141	-0.131	-1.667	0.739	
			0.772	-0.036	-1.773	0.035	
			0.252	-0.463	-0.463	0.442	
			0.451	-0.515	-0.737	0.415	
			0.612	-0.388	-0.668	0.109	
			0.444	0.163	-1.059	0.057	
			0.156	-0.322	-0.485	0.456	
			0.469	-1.379	-0.379	0.547	
			0.363	-0.807	-0.807	0.652	
			0.744	-0.104	-0.619	-0.426	
			0.046	-1.080	-0.732	0.920	
			0.544	-0.456	-1.206	0.464	
			0.012	-0.140	-0.807	0.597	
			0.543	-0.367	-0.924	0.311	
			0.202	-0.190	-0.730	0.454	
		I-29 LUT 3 2 4 0 0.000
			0.346	-0.218	-1.654	0.634	
			0.224	-0.176	-1.235	0.606	
			0.462	-0.170	-1.492	0.462	
			0.293	-0.665	-0.888	0.681	
			0.130	-0.548	-0.963	0.773	
			0.184	-0.340	-0.880	0.614	
			0.292	0.292	-0.807	-0.030	
			0.637	-1.000	-0.778	0.445	
			0.378	-0.700	-0.478	0.452	
			0.415	0.139	-1.524	0.284	
			0.637	-0.363	-1.585	0.415	
			0.286	-0.773	-0.898	0.730	
			0.539	-0.869	-0.985	0.580	
			0.110	0.023	-0.890	0.449	
			0.491	-0.209	-0.546	0.064	
			0.093	-0.352	-0.263	0.397	
		I-28 LUT 3 2 4 0 0.000
			0.476	-0.109	-1.372	0.373	
			0.026	-0.533	-1.196	0.891	
			0.193	-0.019	-1.097	0.488	
			0.298	-0.287	-0.683	0.409	
			0.389	-0.428	-1.498	0.672	
			0.646	-0.276	-0.617	-0.064	
			0.383	-0.064	-0.202	-0.202	
			0.061	-0.465	-0.465	0.592	
			0.278	-0.307	-1.044	0.580	
			0.204	-0.138	-1.044	0.541	
			0.697	0.250	-1.624	-0.209	
			0.308	-1.070	0.000	0.363	
			0.757	-0.877	-2.034	0.605	
			0.000	-0.107	-0.052	0.147	
			0.716	-0.637	-0.720	0.147	
			0.218	-0.448	-0.579	0.520	
		I-27 LUT 3 2 4 0 0.000
			0.227	-0.630	-1.084	0.776	
			0.024	-0.025	-1.883	0.790	
			0.389	-0.322	-1.459	0.611	
			0.284	-0.231	-0.939	0.494	
			0.293	0.013	-1.209	0.415	
			0.451	-0.134	-0.397	-0.056	
			0.368	-0.047	-0.495	0.046	
			0.322	-0.193	-1.541	0.615	
			0.633	-0.807	-1.030	0.473	
			0.287	-0.182	-1.075	0.510	
			0.715	-0.478	-0.285	-0.285	
			0.212	-1.078	-0.441	0.706	
			0.553	-0.670	-1.544	0.643	
			0.694	-0.574	-1.333	0.393	
			0.380	-0.170	-0.977	0.380	
			0.100	-0.381	-0.540	0.558	
		I-26 LUT 3 2 4 0 0.000
			0.267	-0.200	-1.755	0.705	
			0.280	-0.348	-2.222	0.837	
			0.139	0.213	-2.524	0.646	
			0.238	-0.387	-0.884	0.598	
			0.585	-0.476	-1.300	0.459	
			0.450	-0.036	-0.451	-0.110	
			0.274	-0.104	-0.841	0.381	
			0.488	-0.607	-1.159	0.578	
			0.559	-0.482	-1.110	0.430	
			0.593	-0.761	-1.609	0.654	
			0.379	0.000	-1.737	0.485	
			0.574	-0.967	-0.726	0.481	
			0.978	-0.779	-2.637	0.363	
			0.256	0.104	-1.896	0.549	
			0.515	-0.527	-0.914	0.430	
			0.321	-0.524	-0.939	0.617	
		I-25 LUT 3 2 4 0 0.000
			0.227	0.012	-1.695	0.597	
			0.142	-0.399	-1.158	0.757	
			-0.415	0.415	-1.263	0.585	
			0.317	-0.879	-0.663	0.659	
			0.356	-0.381	-1.059	0.558	
			0.081	0.464	-1.443	0.257	
			0.678	-0.322	-1.544	0.330	
			0.632	-0.449	-1.150	0.342	
			0.678	-1.322	-0.862	0.536	
			-0.373	-0.132	-1.026	0.868	
			-0.322	-0.644	-0.059	0.678	
			0.585	-1.138	-1.138	0.670	
			0.712	-0.500	-1.858	0.464	
			0.356	0.079	-0.718	0.079	
			0.559	-0.322	-1.763	0.518	
			0.198	-0.360	-0.802	0.585	
		I-24 LUT 3 2 4 0 0.000
			0.076	0.076	-1.441	0.607	
			0.011	-0.269	-1.617	0.877	
			-0.123	-0.123	-1.346	0.824	
			0.275	-0.632	-1.495	0.840	
			0.360	-0.204	-1.268	0.520	
			0.707	-1.030	-0.914	0.430	
			0.253	-0.095	-0.970	0.445	
			0.634	-0.481	-1.066	0.326	
			0.193	-0.170	-1.392	0.667	
			-0.064	0.177	-1.524	0.646	
			0.415	-0.807	-0.070	0.193	
			0.270	-0.730	-0.868	0.717	
			1.006	-0.567	-2.304	0.156	
			0.341	-0.322	-1.000	0.519	
			0.471	-0.266	-1.336	0.471	
			0.482	-1.000	-1.387	0.783	
		I-23 LUT 3 2 4 0 0.000
			-0.063	-0.285	-1.963	0.975	
			-0.042	-0.322	-1.807	0.958	
			0.135	0.234	-0.865	0.234	
			0.306	-0.781	-1.026	0.758	
			0.379	0.057	-2.135	0.517	
			0.377	-0.097	-1.459	0.488	
			0.744	-0.841	-1.841	0.574	
			0.496	-0.478	-0.893	0.415	
			0.119	-0.042	-0.959	0.515	
			0.086	-0.155	-1.030	0.633	
			0.567	-0.433	-2.755	0.705	
			0.415	-1.222	-1.222	0.856	
			1.012	-0.573	-2.471	0.178	
			-0.068	-0.376	-1.598	0.960	
			0.491	-0.303	-1.888	0.598	
			0.429	-0.528	-1.184	0.604	
		I-22 LUT 3 2 4 0 0.000
			0.193	-0.113	-1.988	0.749	
			0.101	-0.408	-1.787	0.914	
			-0.392	0.067	-1.392	0.856	
			0.126	-0.311	-0.983	0.675	
			0.515	-0.807	-1.030	0.595	
			0.522	0.037	-1.478	0.238	
			0.700	0.459	-1.415	-0.678	
			0.883	-0.799	-0.924	0.076	
			-0.181	-0.087	-1.503	0.867	
			-0.188	-0.550	-1.358	1.035	
			0.322	0.807	-2.000	-0.415	
			-0.129	-0.670	-1.129	1.000	
			0.918	-0.729	-2.170	0.363	
			0.329	0.081	-2.112	0.541	
			0.794	-0.404	-1.170	0.093	
			0.325	-0.514	-1.085	0.656	
		I-21 LUT 3 2 4 0 0.000
			0.065	-0.006	-2.719	0.853	
			-0.242	0.379	-1.943	0.672	
			-0.555	0.352	-2.555	0.905	
			0.210	-0.568	-0.712	0.640	
			0.652	-0.107	-2.485	0.402	
			0.234	-0.239	-0.709	0.449	
			0.193	0.515	-1.222	0.000	
			0.809	-0.614	-1.557	0.328	
			0.370	-0.700	-1.022	0.678	
			-0.064	-0.716	-1.939	1.120	
			-1.170	-0.170	-1.170	1.152	
			0.415	-0.865	-1.087	0.720	
			0.936	-0.746	-3.409	0.481	
			0.284	-0.021	-1.021	0.383	
			0.101	-0.278	-0.793	0.610	
			0.309	-0.691	-0.892	0.680	
		I-20 LUT 3 2 4 0 0.000
			0.249	-0.153	-2.260	0.768	
			0.337	-0.733	-1.248	0.778	
			0.193	0.363	-1.807	0.363	
			0.173	-0.525	-0.769	0.670	
			0.206	-0.453	-2.700	0.972	
			0.325	-0.170	-0.822	0.371	
			0.343	0.343	-1.358	0.102	
			0.673	-1.209	-1.402	0.673	
			0.447	-0.138	-1.459	0.447	
			0.193	-1.030	-1.615	1.029	
			-0.392	0.193	-1.392	0.778	
			0.276	-1.926	-0.078	0.659	
			1.046	-0.954	-2.369	0.294	
			0.222	-0.322	-1.000	0.617	
			0.685	-0.693	-0.899	0.307	
			0.055	-0.631	-0.482	0.678	
		I-19 LUT 3 2 4 0 0.000
			0.337	-0.090	-2.948	0.738	
			0.130	-0.478	-1.411	0.858	
			0.126	-0.722	-2.044	1.043	
			0.133	-0.199	-0.784	0.538	
			0.496	-0.843	-1.761	0.797	
			0.531	-0.363	-0.710	0.222	
			0.146	0.146	-0.555	0.146	
			0.263	-0.368	-0.862	0.561	
			0.524	-0.415	-1.678	0.585	
			0.159	-0.104	-0.619	0.381	
			0.193	-0.070	-0.807	0.415	
			-0.298	-0.883	-0.298	0.872	
			1.031	-0.630	-3.839	0.311	
			0.441	-0.284	-1.485	0.550	
			0.251	-0.749	-0.597	0.636	
			0.372	-0.476	-1.128	0.613	
		I-18 LUT 3 2 4 0 0.000
			-0.028	0.038	-2.221	0.830	
			0.175	-0.147	-0.431	0.294	
			-0.115	0.107	-1.115	0.621	
			0.276	-0.089	-0.842	0.368	
			0.199	-0.170	-1.948	0.769	
			0.436	-0.181	-0.766	0.234	
			-0.115	0.174	-1.285	0.621	
			0.118	-0.426	-0.841	0.689	
			0.459	-1.000	-1.415	0.807	
			0.890	-0.358	-1.036	-0.188	
			-0.459	-0.044	-1.459	0.956	
			0.067	-1.222	-0.305	0.778	
			0.974	-1.078	-2.833	0.507	
			0.000	-0.080	-0.962	0.623	
			-0.255	0.144	-1.014	0.643	
			0.109	-0.703	-0.522	0.688	
		I-17 LUT 3 2 4 0 0.000
			0.290	-0.084	-2.254	0.700	
			-0.392	-0.222	-0.890	0.881	
			0.041	-0.129	-1.129	0.678	
			0.127	-0.953	-0.559	0.776	
			0.337	-0.026	-2.511	0.659	
			0.481	0.274	-1.619	0.097	
			0.415	-0.132	-1.248	0.415	
			-0.369	-0.047	-0.784	0.746	
			-0.426	-0.426	-0.619	0.896	
			-0.781	0.126	-0.781	0.804	
			-0.524	-0.939	0.284	0.646	
			-0.110	-0.550	-0.550	0.772	
			0.732	-0.821	-2.728	0.698	
			0.072	-0.011	-0.850	0.487	
			-0.218	0.251	-1.597	0.696	
			-0.234	-0.234	-1.258	0.912	
		I-16 LUT 3 2 4 0 0.000
			0.149	-0.266	-1.958	0.850	
			0.138	0.181	-1.447	0.485	
			0.322	0.170	-2.000	0.459	
			-0.098	-0.123	-0.843	0.669	
			0.385	-1.030	-2.293	1.000	
			0.186	-0.087	-0.672	0.372	
			0.720	0.028	-2.087	0.135	
			-0.350	0.234	-1.009	0.625	
			0.049	-0.688	-1.273	0.949	
			0.485	0.000	-1.100	0.181	
			0.245	-0.433	-0.755	0.567	
			0.136	-1.048	-1.338	1.016	
			0.478	-0.721	-3.891	0.951	
			-0.222	-0.175	-0.807	0.753	
			-0.054	0.000	-1.433	0.737	
			-0.401	-0.079	-0.941	0.828	
		I-15 LUT 3 2 4 0 0.000
			0.441	-0.118	-2.196	0.588	
			-0.322	0.152	-1.170	0.718	
			0.245	-0.433	-0.433	0.415	
			-0.131	-0.345	-1.131	0.882	
			0.639	-0.498	-3.820	0.734	
			0.000	0.107	-1.000	0.509	
			0.333	0.152	-2.170	0.493	
			-0.194	0.084	-1.151	0.692	
			0.226	-1.022	-1.700	1.022	
			0.052	-0.295	-0.948	0.705	
			0.074	0.074	-2.248	0.752	
			0.000	-1.000	-0.862	0.963	
			0.471	-0.290	-3.138	0.750	
			-0.159	0.030	-1.126	0.700	
			0.027	0.226	-1.027	0.401	
			-0.393	-0.193	-0.845	0.853	
		I-14 LUT 3 2 4 0 0.000
			0.093	-0.032	-4.492	0.934	
			-0.280	0.415	-1.672	0.613	
			-1.392	-0.392	-0.392	1.067	
			-0.111	0.176	-1.111	0.567	
			0.471	-0.658	-3.658	0.927	
			0.224	-0.428	-0.733	0.572	
			0.469	0.300	-1.700	0.107	
			-0.858	0.081	-0.799	0.861	
			0.337	-0.132	-2.248	0.691	
			0.193	0.280	-2.807	0.585	
			-1.459	0.126	-0.459	0.862	
			0.172	-0.980	-1.828	1.060	
			0.252	-0.346	-2.306	0.864	
			-0.561	0.147	-0.713	0.682	
			0.130	-0.143	-1.728	0.764	
			-0.510	-0.288	-0.854	0.945	
		I-13 LUT 3 2 4 0 0.000
			0.225	-0.138	-2.097	0.756	
			-0.111	-0.295	-1.170	0.860	
			-0.415	0.322	-2.000	0.807	
			-0.280	-0.037	-1.087	0.792	
			0.604	-0.059	-3.644	0.526	
			0.126	-0.012	-1.334	0.605	
			0.333	0.152	-1.170	0.245	
			-0.911	0.089	-0.734	0.851	
			-0.350	-0.865	-3.672	1.372	
			-0.184	0.356	-1.644	0.604	
			0.485	-0.322	-0.737	0.263	
			-0.322	-1.152	-0.737	1.104	
			0.459	-0.798	-3.322	0.963	
			-0.463	0.290	-0.505	0.430	
			-0.349	-0.041	-0.654	0.685	
			-0.751	-0.099	-1.004	0.981	
		I-12 LUT 3 2 4 0 0.000
			0.112	-0.040	-3.209	0.878	
			-0.154	-0.154	-1.476	0.882	
			0.322	-0.415	-2.000	0.807	
			-0.302	-0.370	-1.268	1.000	
			0.000	-0.241	-4.700	1.081	
			0.011	0.297	-0.596	0.141	
			0.505	-0.784	-1.369	0.690	
			-0.783	-0.091	-1.396	1.071	
			-0.126	-0.415	-1.000	0.874	
			-0.059	0.057	-0.837	0.526	
			0.052	-0.170	-1.170	0.705	
			0.078	-0.585	-0.710	0.737	
			-0.041	-0.710	-5.170	1.256	
			-0.403	0.021	-1.127	0.825	
			-0.428	-0.176	-1.120	0.935	
			-0.702	-0.140	-1.065	1.000	
		I-11 LUT 3 2 4 0 0.000
			0.363	-0.485	-3.807	0.948	
			-0.154	0.048	-0.306	0.332	
			0.000	0.000	0.000	0.000	
			-0.459	-0.097	-1.530	0.994	
			-0.087	-0.503	-3.672	1.186	
			-0.135	-0.483	-1.135	0.940	
			-0.423	-0.182	-2.298	1.117	
			-0.761	-0.089	-1.428	1.069	
			0.611	-0.974	-2.781	0.862	
			0.033	0.661	-0.256	-0.841	
			-0.939	0.476	-0.939	0.646	
			-0.693	-0.208	-0.600	0.892	
			0.154	-0.380	-4.238	1.047	
			-0.648	0.303	-1.854	0.888	
			-0.381	0.071	-2.044	0.956	
			-0.932	-0.092	-1.092	1.049	
		I-10 LUT 3 2 4 0 0.000
			0.057	-0.036	-3.943	0.940	
			-0.122	-0.122	-1.624	0.878	
			0.000	0.000	-1.000	0.585	
			-0.704	-0.133	-1.941	1.147	
			0.332	0.048	-2.891	0.654	
			-0.659	0.138	-1.100	0.848	
			0.152	0.152	-1.433	0.493	
			-0.538	0.032	-1.492	0.951	
			0.415	-0.363	-3.170	0.830	
			-0.644	0.263	-0.474	0.526	
			0.093	0.093	-1.907	0.678	
			-0.276	-0.524	-0.939	0.968	
			-0.095	-0.233	-5.140	1.127	
			-0.459	0.389	-1.258	0.628	
			0.206	-0.115	-2.379	0.791	
			-0.588	-0.355	-0.801	0.985	
		I-9 LUT 3 2 4 0 0.000
			-0.014	0.286	-4.714	0.809	
			0.032	-0.404	-1.032	0.794	
			-0.807	0.193	-0.807	0.778	
			-0.459	0.234	-1.459	0.793	
			0.308	0.363	-4.392	0.515	
			0.111	0.294	-1.398	0.394	
			-0.379	0.300	-0.700	0.469	
			-0.256	-0.292	-1.054	0.898	
			0.135	0.028	-2.672	0.787	
			-0.907	0.756	-0.907	0.316	
			0.000	-0.585	0.000	0.415	
			0.395	-0.605	-0.605	0.454	
			-0.179	-0.442	-5.349	1.236	
			-0.322	0.490	-0.679	0.227	
			-0.624	0.376	-1.335	0.729	
			-0.744	0.164	-0.804	0.774	
		I-8 LUT 3 2 4 0 0.000
			0.613	-0.585	-4.672	0.819	
			-0.585	0.186	-1.213	0.819	
			-0.322	-0.322	-0.322	0.678	
			-0.352	0.207	-1.430	0.758	
			0.066	-0.218	-4.741	1.040	
			0.326	0.197	-0.528	-0.141	
			0.368	0.368	-1.954	0.216	
			-0.446	0.424	-1.719	0.696	
			0.322	-0.193	-2.000	0.700	
			0.441	0.363	-1.485	0.000	
			0.284	0.061	-1.524	0.476	
			-0.828	-0.150	-0.690	0.938	
			-0.373	-0.464	-4.418	1.296	
			-0.197	0.285	-0.880	0.450	
			-0.346	0.239	-1.609	0.770	
			-0.529	-0.029	-1.073	0.889	
		I-7 LUT 3 2 4 0 0.000
			-0.258	-0.081	-2.781	1.052	
			-0.285	0.037	-1.700	0.885	
			0.415	-0.585	-0.585	0.415	
			-0.483	0.163	-1.768	0.904	
			0.000	0.160	-5.087	0.890	
			0.197	0.166	-1.657	0.500	
			-0.141	0.579	-2.229	0.472	
			-0.505	0.373	-2.290	0.844	
			-0.531	0.387	-3.700	0.943	
			-0.170	0.482	-1.977	0.546	
			-1.087	-0.087	-1.087	1.082	
			-0.515	0.202	-1.737	0.888	
			-0.392	0.048	-5.200	1.122	
			-0.316	0.619	-1.720	0.441	
			-0.569	0.772	-2.154	0.478	
			-0.687	0.208	-1.613	0.923	
		I-6 LUT 3 2 4 0 0.000
			-0.233	-0.467	-4.555	1.253	
			-1.194	0.059	-1.573	1.128	
			0.193	-0.807	-0.807	0.778	
			-1.290	0.117	-2.229	1.197	
			-1.471	-0.843	-4.931	1.608	
			-0.233	0.257	-2.273	0.805	
			-0.737	0.263	-2.322	1.000	
			-1.592	0.080	-2.271	1.266	
			-0.585	-0.363	-1.170	1.078	
			-2.150	0.658	-1.828	0.938	
			-0.585	0.000	0.000	0.415	
			-2.503	0.160	-1.503	1.234	
			-0.970	-0.892	-5.140	1.547	
			-1.489	0.391	-1.778	1.029	
			-1.123	-0.123	-1.346	1.157	
			-1.222	0.029	-1.757	1.173	
		I-5 LUT 3 2 4 0 0.000
			0.219	-0.322	-3.781	0.974	
			-0.737	0.181	-2.322	1.047	
			0.778	-0.807	-0.807	0.193	
			-2.082	-1.690	-3.497	1.751	
			0.212	0.337	-4.248	0.610	
			-0.126	0.605	-1.885	0.369	
			0.308	-0.222	-1.807	0.695	
			-2.774	-2.234	-1.986	1.761	
			0.497	-0.503	-2.087	0.720	
			-1.322	0.553	-1.907	0.900	
			0.000	0.737	-1.585	0.000	
			-1.346	-2.346	-2.931	1.713	
			0.067	-0.305	-4.392	1.067	
			-0.642	0.763	-1.764	0.452	
			-0.026	-0.132	-2.833	0.974	
			-1.896	-0.735	-2.283	1.548	
		I-4 LUT 3 2 4 0 0.000
			0.910	0.126	-1.459	-0.585	
			0.919	-0.611	-0.322	-0.611	
			0.000	0.000	0.000	0.000	
			-0.098	-0.349	-0.041	0.388	
			1.319	-1.080	-3.539	-0.080	
			0.933	-0.993	0.036	-0.829	
			0.571	-0.322	-1.129	0.330	
			-0.080	-0.585	-0.047	0.505	
			1.126	-1.044	-1.044	-0.237	
			0.000	-0.485	0.363	0.000	
			0.193	0.193	0.193	-0.807	
			-0.322	-0.474	0.263	0.356	
			0.888	-0.366	-4.066	0.393	
			0.500	-1.273	0.351	-0.158	
			0.442	-0.143	-0.268	-0.143	
			-0.763	-0.561	0.274	0.608	
		I-3 LUT 3 2 4 0 0.000
			-1.021	1.351	-5.109	-0.109	
			-2.524	1.334	-3.524	0.284	
			-1.700	1.107	-1.700	0.300	
			-1.954	1.133	-3.954	0.569	
			-1.941	1.621	-5.401	-0.646	
			-2.087	1.135	-3.672	0.576	
			-2.433	1.637	-4.755	-0.585	
			-3.129	1.156	-4.129	0.678	
			-1.503	1.082	-3.087	0.497	
			-2.459	1.348	-2.459	0.126	
			-2.170	1.290	-2.170	0.152	
			-1.644	1.057	-2.644	0.526	
			-1.480	1.215	-5.728	0.381	
			-2.041	1.335	-5.741	0.281	
			-4.166	1.692	-6.488	-0.511	
			-2.942	1.140	-5.849	0.721	
		A LUT 3 2 4 0 0.000
			1.911	-3.644	-3.644	-3.644	
			1.988	-6.488	-6.488	-6.488	
			0.000	0.000	0.000	0.000	
			1.969	-5.129	-5.129	-5.129	
			1.752	-2.248	-2.248	-2.248	
			1.979	-5.687	-5.687	-5.687	
			0.000	0.000	0.000	0.000	
			1.958	-4.700	-4.700	-4.700	
			1.585	-1.585	-1.585	-1.585	
			1.989	-6.615	-6.615	-6.615	
			0.000	0.000	0.000	0.000	
			1.951	-4.492	-4.492	-4.492	
			1.798	-2.524	-2.524	-2.524	
			1.987	-6.409	-6.409	-6.409	
			0.678	-0.322	-0.322	-0.322	
			1.983	-5.966	-5.966	-5.966	
		G LUT 3 2 4 0 0.000
			-4.524	-4.524	1.952	-4.524	
			0.000	0.000	0.000	0.000	
			0.000	0.000	0.000	0.000	
			0.000	0.000	0.000	0.000	
			-8.328	-8.328	1.997	-8.328	
			0.000	0.000	0.000	0.000	
			0.000	0.000	0.000	0.000	
			0.000	0.000	0.000	0.000	
			-0.322	-0.322	0.678	-0.322	
			0.000	0.000	0.000	0.000	
			0.000	0.000	0.000	0.000	
			0.000	0.000	0.000	0.000	
			-7.160	-7.160	1.992	-7.160	
			0.000	0.000	0.000	0.000	
			0.000	0.000	0.000	0.000	
			0.000	0.000	0.000	0.000	
		E+1 LUT 3 2 4 0 0.000
			0.000	0.000	0.000	0.000	
			0.000	0.000	0.000	0.000	
			0.380	-0.373	0.360	-0.638	
			0.000	0.000	0.000	0.000	
			0.000	0.000	0.000	0.000	
			0.000	0.000	0.000	0.000	
			0.000	0.000	0.000	0.000	
			0.000	0.000	0.000	0.000	
			0.000	0.000	0.000	0.000	
			0.000	0.000	0.000	0.000	
			0.000	0.000	0.000	0.000	
			0.000	0.000	0.000	0.000	
			0.000	0.000	0.000	0.000	
			0.000	0.000	0.000	0.000	
			0.000	0.000	0.000	0.000	
			0.000	0.000	0.000	0.000	
		E+2 LUT 3 2 4 0 0.000
			0.000	0.000	0.000	0.000	
			0.000	0.000	0.000	0.000	
			0.000	0.000	0.000	0.000	
			0.000	0.000	0.000	0.000	
			0.000	0.000	0.000	0.000	
			0.000	0.000	0.000	0.000	
			0.000	0.000	0.000	0.000	
			0.000	0.000	0.000	0.000	
			-0.072	-0.380	-0.835	0.782	
			0.067	-0.222	-0.862	0.628	
			-0.120	0.111	-1.023	0.593	
			-0.441	-0.417	0.127	0.508	
			0.000	0.000	0.000	0.000	
			0.000	0.000	0.000	0.000	
			0.000	0.000	0.000	0.000	
			0.000	0.000	0.000	0.000	
		E+3 LUT 3 2 4 0 0.000
			0.799	-0.097	-1.566	-0.019	
			0.282	-0.158	-0.506	0.244	
			0.000	0.431	-0.716	0.061	
			-0.042	-0.202	0.249	-0.042	
			0.497	0.082	-1.087	0.082	
			0.415	-0.144	-0.305	-0.070	
			0.219	0.219	0.026	-0.611	
			-0.090	0.240	0.138	-0.361	
			0.473	-0.293	-0.155	-0.155	
			0.159	-0.104	-0.472	0.302	
			0.138	0.485	-0.621	-0.234	
			-0.228	-0.043	0.403	-0.228	
			-0.230	0.713	-2.346	0.391	
			0.368	0.046	-0.047	-0.495	
			-0.388	0.279	0.225	-0.228	
			-0.676	0.364	0.109	0.012	
	NN TRM 0 0 0 0 0.000

Coding CDS 3 2 4 3 0.000
	frame0 LUT 5 4 4 0 0.000
		-0.520	-0.140	0.757	-0.503	
		-0.362	0.305	0.338	-0.470	
		-0.642	0.553	-0.328	0.132	
		-0.785	0.258	0.494	-0.296	
		-0.051	-0.890	1.069	-1.333	
		0.072	0.186	0.407	-1.043	
		-0.223	0.622	-0.251	-0.388	
		-0.794	-0.780	1.162	-0.728	
		-0.121	-0.550	0.601	-0.183	
		-0.392	0.498	-0.046	-0.222	
		0.652	0.441	-1.637	-0.415	
		-1.042	-0.268	0.859	-0.201	
		.	1.178	.	0.796	
		-0.649	0.360	0.543	-0.685	
		.	0.722	0.606	-0.271	
		-1.311	0.404	0.626	-0.454	
		-0.948	0.205	0.634	-0.363	
		-0.405	0.614	0.144	-0.714	
		-1.342	1.076	-0.991	-0.009	
		-0.858	0.501	0.217	-0.198	
		-0.571	-0.227	0.901	-0.724	
		-0.007	0.345	0.420	-1.334	
		-0.401	0.864	-0.357	-0.639	
		-1.057	-0.409	1.202	-1.104	
		-0.755	-0.029	0.616	-0.159	
		-0.789	1.131	-0.753	-0.650	
		0.313	0.808	-1.552	-0.588	
		-1.048	-0.231	0.931	-0.401	
		.	1.345	.	0.546	
		-0.799	0.478	0.626	-1.031	
		.	0.959	0.423	-0.483	
		-2.257	0.670	-0.060	0.311	
		-0.845	0.125	0.843	-0.840	
		-0.626	0.515	0.423	-0.780	
		-1.130	1.068	-0.776	-0.214	
		-1.236	0.626	0.302	-0.323	
		-0.446	-0.332	1.044	-1.285	
		0.040	0.249	0.481	-1.364	
		-0.246	0.660	-0.170	-0.540	
		-1.005	-0.683	1.307	-1.304	
		-0.781	-0.328	0.862	-0.315	
		-0.691	0.602	0.197	-0.480	
		-0.031	0.945	-2.235	-0.178	
		-1.799	-0.356	1.228	-0.766	
		.	1.496	.	0.238	
		-0.719	0.568	0.528	-1.098	
		.	1.113	0.302	-0.726	
		-2.465	0.961	0.096	-0.316	
		-0.654	0.003	0.396	0.066	
		-0.364	0.347	0.517	-0.944	
		-0.850	0.810	-0.832	0.176	
		-0.379	0.017	0.300	-0.017	
		-0.443	-0.031	0.758	-0.749	
		-0.371	0.621	0.345	-1.257	
		-0.641	0.894	-0.627	-0.229	
		-1.105	-0.385	1.218	-1.177	
		-0.399	-0.111	0.454	-0.080	
		-0.708	0.928	-0.206	-0.695	
		0.090	0.867	-1.352	-0.475	
		-1.361	-0.196	1.080	-0.683	
		.	1.204	.	0.762	
		-0.582	0.423	0.539	-0.893	
		.	0.877	0.338	-0.153	
		-1.126	0.227	0.727	-0.483	
		-0.461	-0.160	0.494	-0.043	
		-0.019	0.112	0.215	-0.375	
		-0.572	0.457	-0.406	0.263	
		-0.675	-0.141	0.492	0.085	
		-0.148	-0.606	0.831	-0.596	
		0.171	0.107	0.248	-0.713	
		-0.387	0.810	-0.650	-0.244	
		-1.101	-0.441	1.141	-0.755	
		-0.465	-0.545	0.586	0.122	
		-0.250	0.402	-0.213	-0.036	
		0.685	0.103	-1.350	-0.111	
		-1.233	-0.505	0.905	-0.003	
		.	1.070	.	0.926	
		-0.523	0.323	0.552	-0.770	
		.	0.714	0.209	0.267	
		-1.205	0.304	0.446	-0.045	
		-0.800	-0.068	0.769	-0.382	
		-0.464	0.723	-0.100	-0.532	
		-1.522	1.021	-1.109	0.212	
		-1.166	0.431	0.181	0.101	
		-0.538	-0.201	0.883	-0.745	
		0.063	0.092	0.440	-0.908	
		-0.572	0.821	-0.627	-0.131	
		-1.251	-0.369	1.181	-0.892	
		-0.433	-0.355	0.571	-0.011	
		-0.962	1.180	-1.187	-0.356	
		0.162	0.825	-1.709	-0.315	
		-1.221	0.089	0.741	-0.259	
		.	1.312	.	0.601	
		-0.753	0.599	0.562	-1.269	
		.	1.016	0.325	-0.465	
		-2.544	0.929	-0.142	0.025	
		-0.578	0.062	0.323	0.050	
		-0.185	0.281	0.483	-0.978	
		-0.622	0.690	-0.543	0.072	
		-0.990	0.157	0.529	-0.091	
		-0.498	-0.166	0.904	-0.918	
		-0.137	0.444	0.436	-1.405	
		-0.369	0.631	-0.403	-0.119	
		-1.339	-0.435	1.311	-1.382	
		-0.417	-0.211	0.542	-0.104	
		-0.478	0.539	0.162	-0.494	
		0.224	0.756	-1.859	-0.204	
		-1.461	-0.405	1.145	-0.578	
		.	1.439	.	0.366	
		-0.836	0.409	0.695	-1.020	
		.	0.871	0.488	-0.379	
		-1.817	0.477	0.448	-0.058	
		-0.425	-0.096	0.437	-0.050	
		-0.340	0.154	0.132	0.003	
		-0.684	0.794	-0.737	0.063	
		-0.473	-0.205	0.062	0.452	
		-0.013	-0.768	0.812	-0.587	
		0.141	0.147	0.110	-0.491	
		-0.247	0.648	-0.923	0.088	
		-0.837	-0.879	1.204	-0.756	
		-0.147	-0.492	0.430	0.054	
		-0.390	0.671	-0.922	0.159	
		0.253	0.679	-1.439	-0.254	
		-0.912	-0.335	0.828	-0.151	
		.	0.988	.	1.012	
		-0.239	0.227	0.419	-0.631	
		.	0.710	0.459	-0.015	
		-1.029	-0.088	0.776	-0.224	
		-0.427	-0.066	0.399	-0.026	
		-0.428	0.458	-0.093	-0.081	
		-0.503	0.378	-0.421	0.320	
		-0.869	0.249	0.446	-0.150	
		-0.442	-0.369	0.887	-0.644	
		-0.123	0.451	0.005	-0.491	
		-0.236	0.796	-0.783	-0.262	
		-1.195	-0.312	1.082	-0.641	
		-0.338	-0.605	0.431	0.267	
		-0.222	0.447	-0.538	0.126	
		0.795	0.362	-2.152	-0.405	
		-0.985	-0.476	0.964	-0.276	
		.	1.120	.	0.870	
		-0.498	0.553	0.318	-0.791	
		.	0.787	0.483	-0.189	
		-1.511	0.719	0.362	-0.479	
		-0.833	0.114	0.679	-0.405	
		-0.539	0.886	-0.398	-0.506	
		-1.823	1.205	-1.504	0.084	
		-1.243	0.536	0.218	-0.052	
		-0.554	-0.137	0.920	-0.950	
		-0.228	0.559	0.375	-1.409	
		-0.717	0.817	-0.286	-0.305	
		-1.220	-0.355	1.167	-0.878	
		-0.572	-0.200	0.600	-0.087	
		-0.999	1.256	-1.315	-0.496	
		-0.003	0.919	-2.013	-0.211	
		-1.453	0.197	0.754	-0.317	
		.	1.296	.	0.628	
		-1.073	0.989	-0.025	-0.845	
		.	0.897	0.393	-0.279	
		-2.392	0.919	-0.155	0.029	
		-0.451	0.184	0.457	-0.396	
		-0.183	0.324	0.100	-0.330	
		-0.878	0.876	-0.620	-0.043	
		-0.501	0.417	0.053	-0.119	
		-0.419	-0.143	0.877	-0.975	
		0.191	0.365	0.215	-1.287	
		-0.246	0.627	-0.212	-0.417	
		-0.967	-0.435	1.224	-1.276	
		-0.372	-0.247	0.478	-0.012	
		-0.521	0.740	-0.209	-0.379	
		0.232	0.947	-2.623	-0.444	
		-1.690	-0.164	1.153	-0.799	
		.	1.301	.	0.619	
		-0.601	0.518	0.518	-1.067	
		.	0.658	0.725	-0.377	
		-1.687	0.757	0.132	-0.145	
		-0.371	0.150	0.031	0.132	
		-0.307	0.426	-0.288	0.041	
		-1.248	0.941	-1.248	0.308	
		-1.354	0.284	0.199	0.314	
		-0.549	-0.202	0.802	-0.507	
		-0.379	0.453	0.239	-0.551	
		-0.594	0.961	-0.835	-0.268	
		-1.132	-0.429	1.213	-1.051	
		-0.315	-0.055	0.215	0.102	
		-0.825	0.986	-0.739	-0.225	
		0.109	0.761	-1.705	-0.120	
		-1.124	-0.020	0.939	-0.649	
		.	1.106	.	0.885	
		-0.696	0.722	0.358	-1.149	
		.	0.798	0.294	0.051	
		-1.274	0.564	0.443	-0.416	
		-0.680	-0.002	0.642	-0.293	
		-0.528	0.635	-0.059	-0.334	
		-0.642	0.608	-0.439	0.134	
		-0.702	0.081	0.542	-0.198	
		-0.167	-0.469	0.827	-0.706	
		-0.129	0.641	0.074	-1.078	
		-0.121	0.772	-0.744	-0.366	
		-0.949	0.017	0.763	-0.370	
		-0.334	-0.165	0.357	0.049	
		-0.469	0.823	-0.574	-0.257	
		0.252	0.765	-1.469	-0.417	
		-1.167	-0.102	0.671	0.044	
		.	1.265	.	0.675	
		-0.723	0.674	0.277	-0.768	
		.	0.974	0.183	-0.151	
		-1.219	0.659	-0.149	0.123	
		-1.124	0.123	0.809	-0.513	
		-0.872	1.096	-0.369	-0.884	
		-2.061	1.136	-1.251	0.193	
		-1.263	0.823	0.009	-0.307	
		-0.738	-0.247	0.973	-0.749	
		-0.375	0.553	0.404	-1.189	
		-0.887	0.860	-0.351	-0.218	
		-1.476	-0.231	1.174	-0.908	
		-0.996	-0.151	0.609	0.101	
		-1.052	1.218	-0.948	-0.571	
		0.022	0.776	-1.418	-0.156	
		-1.529	0.414	0.633	-0.376	
		.	1.465	.	0.310	
		-1.085	0.722	0.480	-1.047	
		.	1.091	0.293	-0.635	
		-2.375	1.053	-0.706	0.163	
		-0.775	0.107	0.758	-0.626	
		-0.852	0.947	-0.123	-0.735	
		-1.058	0.961	-0.366	-0.327	
		-1.257	0.450	0.480	-0.285	
		-0.477	-0.181	0.942	-1.065	
		-0.314	0.815	0.112	-1.495	
		-0.264	0.834	-0.823	-0.288	
		-1.461	0.091	1.107	-1.257	
		-0.767	0.039	0.706	-0.408	
		-1.061	1.140	-0.673	-0.536	
		-0.267	1.099	-2.359	-0.267	
		-1.609	0.134	0.984	-0.747	
		.	1.476	.	0.285	
		-1.270	1.003	0.210	-1.238	
		.	1.000	0.542	-0.878	
		-2.198	0.943	-0.026	-0.189	
		-0.425	-0.007	0.562	-0.352	
		-0.392	0.791	-0.164	-0.701	
		-1.601	0.974	-0.732	0.143	
		-0.618	0.230	0.243	-0.012	
		-0.190	-0.219	0.765	-0.826	
		-0.322	0.589	0.220	-0.914	
		-0.365	0.810	-0.551	-0.344	
		-0.828	-0.275	1.031	-0.820	
		-0.213	-0.147	0.315	-0.015	
		-0.663	1.070	-0.801	-0.525	
		0.127	0.796	-1.503	-0.288	
		-1.112	-0.192	1.016	-0.644	
		.	1.364	.	0.512	
		-0.831	0.627	0.351	-0.693	
		.	0.823	0.592	-0.468	
		-0.999	0.424	0.575	-0.581	
	frame2 LUT 5 4 4 0 0.000
		0.096	0.218	0.012	-0.397	
		0.381	-0.615	0.243	-0.215	
		0.227	-0.047	0.320	-0.706	
		-0.202	0.018	0.750	-1.196	
		0.082	-0.123	0.284	-0.312	
		0.567	-0.505	0.103	-0.437	
		-0.208	0.415	0.513	-1.419	
		-0.324	0.066	0.586	-0.613	
		0.369	-0.134	-0.037	-0.281	
		0.604	-0.735	0.279	-0.587	
		0.077	-0.098	0.702	-1.379	
		-0.343	-0.076	0.709	-0.672	
		0.149	-0.049	0.129	-0.266	
		0.151	-0.202	0.448	-0.608	
		-0.119	0.093	0.580	-0.950	
		-0.327	-0.057	0.785	-0.949	
		0.304	0.292	-0.180	-0.603	
		0.283	-0.068	0.035	-0.314	
		-0.113	0.561	0.168	-1.072	
		-0.736	0.646	0.284	-0.696	
		-0.073	0.385	0.259	-0.871	
		0.899	-1.367	0.091	-0.553	
		-0.211	0.568	0.332	-1.341	
		-0.388	0.081	0.472	-0.338	
		0.073	0.204	-0.003	-0.325	
		0.484	-0.292	-0.047	-0.292	
		-0.232	0.164	0.720	-1.392	
		-0.582	0.313	0.377	-0.339	
		0.427	0.092	-0.048	-0.683	
		0.628	-0.394	-0.341	-0.145	
		-0.280	0.359	0.579	-1.320	
		0.093	0.154	-0.049	-0.227	
		0.160	-0.105	0.430	-0.723	
		0.298	-0.766	0.388	-0.194	
		-0.105	0.103	0.511	-0.809	
		-0.465	-0.004	0.720	-0.664	
		-0.230	-0.221	0.770	-0.777	
		0.623	-0.539	0.194	-0.671	
		-0.519	0.045	0.976	-1.721	
		-0.599	-0.069	0.905	-0.962	
		-0.097	-0.097	0.477	-0.437	
		0.435	-0.974	0.617	-0.722	
		-0.083	0.313	0.424	-1.083	
		-1.061	0.368	0.775	-0.948	
		0.286	-0.231	0.107	-0.231	
		0.579	-0.342	0.076	-0.593	
		-0.399	0.291	0.695	-1.326	
		-0.296	0.152	0.360	-0.339	
		.	.	.	.	
		0.196	-0.194	0.230	-0.308	
		.	.	.	.	
		-0.289	0.202	0.489	-0.671	
		-0.121	-0.003	0.303	-0.237	
		0.318	-0.482	0.286	-0.289	
		-0.244	0.353	0.497	-1.098	
		-0.459	0.050	0.632	-0.540	
		.	.	.	.	
		0.295	-0.094	0.093	-0.378	
		0.368	-0.047	-0.004	-0.428	
		-0.833	0.400	0.788	-1.347	
		0.484	-0.296	0.177	-0.607	
		0.075	0.013	0.342	-0.579	
		-0.288	0.210	0.626	-1.057	
		-0.085	-0.203	0.652	-0.696	
		0.316	-0.020	-0.040	-0.330	
		0.504	-0.606	0.096	-0.224	
		0.079	-0.071	0.397	-0.568	
		-0.522	0.281	0.650	-0.946	
		0.146	-0.113	0.193	-0.275	
		0.617	-0.768	0.069	-0.269	
		-0.635	0.414	0.652	-1.143	
		-0.611	0.169	0.565	-0.432	
		0.206	-0.191	0.227	-0.322	
		0.637	-0.794	0.187	-0.455	
		0.406	-0.043	0.459	-1.601	
		-0.944	0.022	0.716	-0.284	
		-0.099	0.265	-0.068	-0.135	
		0.432	-0.437	0.240	-0.451	
		0.088	-0.052	0.361	-0.540	
		-0.314	-0.008	0.664	-0.699	
		0.271	0.088	0.079	-0.570	
		0.380	-0.291	0.051	-0.242	
		0.055	0.227	0.286	-0.806	
		-0.918	0.688	0.321	-0.711	
		-0.107	0.232	0.371	-0.729	
		0.832	-1.398	0.084	-0.357	
		-0.425	0.607	0.393	-1.254	
		-0.194	-0.167	0.660	-0.609	
		-0.071	0.185	0.005	-0.140	
		0.448	-0.321	0.064	-0.340	
		0.215	0.127	0.411	-1.258	
		-0.707	0.321	0.488	-0.441	
		0.644	-0.241	-0.134	-0.555	
		0.823	-0.994	-0.122	-0.305	
		-0.210	0.292	0.532	-1.105	
		0.251	-0.037	0.186	-0.519	
		0.287	-0.043	0.145	-0.507	
		0.460	-0.934	0.338	-0.256	
		0.035	-0.323	0.656	-0.735	
		-0.565	0.079	0.744	-0.755	
		-0.288	-0.067	0.615	-0.525	
		0.402	-0.499	0.248	-0.352	
		-0.625	-0.072	0.877	-0.827	
		-0.918	0.053	0.824	-0.594	
		0.095	-0.115	0.378	-0.496	
		0.506	-1.020	0.488	-0.547	
		-0.159	0.115	0.586	-0.943	
		-0.797	0.057	0.810	-0.664	
		0.391	-0.091	-0.046	-0.355	
		0.359	-0.372	0.036	-0.121	
		-0.283	-0.092	0.825	-1.094	
		-0.316	-0.148	0.362	0.014	
		.	.	.	.	
		0.422	-0.550	0.228	-0.311	
		.	.	.	.	
		-0.438	0.270	0.577	-0.825	
		0.142	0.226	-0.094	-0.340	
		0.724	-0.892	0.025	-0.336	
		-0.233	0.427	0.325	-0.858	
		-0.310	-0.122	0.650	-0.503	
		.	.	.	.	
		0.418	-0.337	0.154	-0.397	
		0.137	0.065	0.170	-0.454	
		-1.020	0.268	0.796	-0.822	
		0.658	-0.288	-0.090	-0.594	
		0.260	-0.116	0.131	-0.350	
		-0.115	-0.115	0.763	-1.132	
		-0.037	-0.376	0.829	-1.065	
		0.192	0.205	-0.239	-0.221	
		0.472	-0.508	0.067	-0.214	
		0.211	0.165	0.213	-0.831	
		-0.428	0.413	0.529	-1.053	
		0.121	0.050	0.168	-0.407	
		0.824	-0.559	-0.239	-0.508	
		-0.141	0.461	0.436	-1.463	
		-0.416	0.076	0.562	-0.473	
		0.285	-0.133	-0.034	-0.163	
		0.664	-0.751	0.037	-0.330	
		0.365	-0.015	0.473	-1.580	
		-0.696	0.335	0.584	-0.683	
		0.096	0.117	-0.067	-0.164	
		0.548	-0.529	0.138	-0.426	
		0.137	0.203	0.235	-0.804	
		-0.177	-0.064	0.585	-0.603	
		0.285	0.449	-0.531	-0.466	
		0.535	-0.482	0.057	-0.332	
		-0.219	0.589	0.129	-0.883	
		-0.672	0.755	-0.082	-0.436	
		-0.206	0.378	0.273	-0.678	
		0.916	-1.082	0.098	-0.809	
		-0.611	0.563	0.477	-1.073	
		-0.571	0.300	0.443	-0.440	
		0.029	0.350	-0.185	-0.278	
		0.651	-0.301	-0.048	-0.619	
		-0.188	0.320	0.502	-1.127	
		-0.880	0.734	0.086	-0.448	
		0.637	-0.121	-0.242	-0.557	
		0.642	-0.543	-0.395	-0.011	
		-0.137	0.334	0.479	-1.196	
		0.368	0.186	-0.426	-0.273	
		0.366	0.064	-0.053	-0.510	
		0.612	-0.984	0.142	-0.212	
		0.073	0.113	0.368	-0.797	
		-0.436	0.299	0.583	-0.909	
		-0.180	0.101	0.518	-0.708	
		0.890	-0.789	-0.073	-0.695	
		-0.525	0.122	0.862	-1.325	
		-0.554	0.291	0.622	-0.845	
		0.032	-0.119	-0.004	0.083	
		0.722	-1.063	0.250	-0.551	
		-0.181	0.543	0.368	-1.432	
		-0.778	0.588	0.478	-0.939	
		0.457	-0.328	-0.055	-0.204	
		0.969	-0.959	-0.531	-0.257	
		-0.216	0.206	0.611	-1.127	
		0.104	0.065	0.093	-0.300	
		.	.	.	.	
		0.499	-0.456	0.197	-0.492	
		.	.	.	.	
		-0.488	0.466	0.408	-0.788	
		-0.017	0.081	0.172	-0.273	
		0.769	-1.020	0.073	-0.413	
		-0.413	0.627	0.280	-1.029	
		-0.205	-0.079	0.606	-0.591	
		.	.	.	.	
		0.351	-0.201	0.186	-0.480	
		0.070	0.070	0.110	-0.284	
		-0.794	0.523	0.504	-0.818	
		0.619	-0.338	0.027	-0.613	
		0.280	-0.029	0.154	-0.530	
		-0.083	0.243	0.461	-1.010	
		-0.098	-0.134	0.691	-0.890	
		0.477	-0.302	-0.020	-0.302	
		0.354	-0.517	0.212	-0.209	
		0.228	0.095	0.218	-0.743	
		-0.087	0.293	0.391	-0.938	
		0.130	-0.063	0.217	-0.347	
		0.577	-0.428	0.003	-0.391	
		-0.152	0.177	0.575	-1.058	
		-0.618	0.232	0.517	-0.428	
		0.500	0.007	-0.463	-0.225	
		0.459	-0.449	-0.044	-0.116	
		0.349	-0.104	0.421	-1.129	
		-0.670	-0.061	0.638	-0.223	
		0.113	-0.184	0.047	0.007	
		0.382	-0.130	0.051	-0.420	
		-0.153	0.380	0.259	-0.731	
		-0.238	-0.028	0.592	-0.591	
		0.327	0.051	-0.089	-0.378	
		0.451	-0.206	-0.089	-0.276	
		-0.223	0.424	0.108	-0.466	
		-0.885	0.628	0.363	-0.675	
		-0.144	0.277	0.220	-0.477	
		0.622	-0.874	0.255	-0.470	
		-0.661	0.510	0.540	-1.031	
		-0.790	0.172	0.595	-0.350	
		-0.120	0.110	0.183	-0.209	
		0.587	-0.264	-0.032	-0.540	
		-0.126	0.218	0.560	-1.164	
		-0.715	0.569	0.265	-0.504	
		0.320	-0.009	-0.061	-0.324	
		0.675	-0.557	-0.260	-0.171	
		-0.301	0.293	0.547	-0.996	
		0.229	0.178	-0.032	-0.477	
		0.519	-0.312	0.108	-0.548	
		0.365	-0.515	0.066	-0.051	
		-0.041	0.104	0.429	-0.720	
		-0.393	0.083	0.581	-0.550	
		-0.252	-0.066	0.582	-0.500	
		0.513	-0.356	0.136	-0.529	
		-0.412	-0.274	0.962	-1.080	
		-0.699	0.282	0.744	-1.021	
		0.022	-0.070	0.343	-0.388	
		0.627	-0.606	0.112	-0.478	
		-0.275	0.177	0.627	-1.003	
		-0.847	0.166	0.699	-0.518	
		0.538	-0.228	-0.015	-0.505	
		0.428	-0.079	-0.281	-0.176	
		-0.280	0.063	0.774	-1.246	
		0.043	0.010	0.290	-0.434	
		.	.	.	.	
		0.327	-0.290	0.041	-0.155	
		.	.	.	.	
		-0.433	0.293	0.490	-0.667	
		0.082	-0.093	0.275	-0.333	
		0.505	-0.488	0.263	-0.584	
		-0.436	0.362	0.545	-0.953	
		-0.621	0.047	0.721	-0.582	
		.	.	.	.	
		0.143	-0.154	0.219	-0.263	
		-0.159	0.003	0.392	-0.340	
		-0.936	0.438	0.589	-0.693	
		0.715	-0.615	0.215	-0.878	
		0.004	0.080	0.313	-0.519	
		-0.362	-0.018	0.812	-1.062	
		0.110	-0.290	0.649	-0.905	
	frame2 LUT 5 4 4 0 0.000
		0.671	-0.331	-1.286	0.266	
		0.118	-0.387	-0.438	0.497	
		0.417	-0.095	-0.785	0.199	
		-0.410	0.370	-0.539	0.340	
		0.776	-0.521	-0.859	0.055	
		0.564	-1.044	-0.464	0.391	
		0.925	-0.523	-0.283	-0.776	
		-0.322	0.194	-0.437	0.398	
		0.831	-0.526	-1.114	0.090	
		0.266	-0.324	-0.205	0.178	
		0.875	-0.174	-0.662	-0.626	
		-0.360	0.125	-0.257	0.371	
		0.486	-0.295	-0.727	0.239	
		-0.166	0.320	-0.656	0.294	
		-0.077	0.103	0.069	-0.107	
		-1.252	0.419	-0.662	0.688	
		0.477	0.184	-1.071	-0.005	
		0.151	0.455	-0.716	-0.135	
		0.359	0.388	-0.598	-0.419	
		-0.991	0.755	-1.027	0.399	
		0.436	0.043	-0.722	0.016	
		0.662	-0.908	-0.766	0.375	
		0.605	-0.204	-0.299	-0.327	
		-0.236	0.113	-0.347	0.360	
		0.417	0.017	-0.670	0.035	
		-0.098	0.475	-0.839	0.158	
		0.652	0.043	-0.585	-0.450	
		-0.538	0.199	-0.521	0.553	
		0.229	0.011	-0.496	0.153	
		-0.344	0.429	-0.853	0.392	
		-0.047	0.138	0.123	-0.247	
		-0.984	0.522	-0.789	0.565	
		0.610	-0.487	-0.063	-0.315	
		-0.105	0.039	-0.144	0.186	
		0.511	0.215	-0.466	-0.536	
		-0.912	0.410	-0.679	0.599	
		0.539	-0.501	-0.036	-0.210	
		0.605	-0.695	-0.795	0.362	
		0.806	-0.693	-0.001	-0.657	
		-0.380	0.444	-0.612	0.283	
		0.667	-0.862	-0.447	0.175	
		0.330	-0.292	0.163	-0.309	
		1.035	-0.291	-0.996	-0.663	
		-0.179	0.078	-0.594	0.484	
		0.393	-0.262	-0.159	-0.063	
		-0.149	0.373	-0.447	0.097	
		-0.017	0.218	0.093	-0.355	
		-1.317	0.567	-0.572	0.531	
		0.408	-0.194	-0.829	0.306	
		-0.166	0.498	-0.631	0.071	
		0.449	0.409	-1.159	-0.219	
		-0.746	0.403	-1.014	0.666	
		0.785	-0.434	-1.085	0.092	
		0.452	-1.565	-0.443	0.640	
		0.970	-0.470	-0.583	-0.616	
		-0.276	0.100	-0.216	0.312	
		0.619	-0.330	-0.878	0.169	
		0.249	-0.326	-0.305	0.268	
		0.703	-0.114	-0.506	-0.428	
		-0.432	0.257	-0.313	0.332	
		0.597	-0.374	-0.896	0.237	
		0.019	0.002	-0.244	0.191	
		0.280	-0.109	-0.215	-0.005	
		-0.765	0.280	-0.347	0.497	
		0.648	-0.336	-0.853	0.121	
		0.781	-0.706	-0.926	0.192	
		0.341	0.033	-0.509	0.010	
		-0.880	0.481	-0.893	0.607	
		0.598	-0.338	-0.774	0.151	
		0.886	-1.049	-0.937	0.197	
		0.933	-0.417	-0.459	-0.704	
		-0.325	0.097	-0.493	0.507	
		0.582	-0.456	-0.587	0.148	
		0.858	-0.656	-0.600	-0.163	
		0.750	0.063	-0.778	-0.533	
		-0.445	-0.123	-0.398	0.667	
		0.275	-0.237	-0.537	0.324	
		0.199	0.195	-0.430	-0.050	
		-0.127	0.219	-0.120	0.000	
		-1.159	0.250	-0.842	0.852	
		0.613	0.120	-0.666	-0.408	
		0.042	0.646	-1.077	-0.103	
		0.317	0.200	-0.671	-0.032	
		-0.829	0.756	-1.324	0.431	
		0.573	-0.012	-0.733	-0.122	
		0.882	-0.641	-0.694	-0.155	
		0.635	-0.369	-0.306	-0.212	
		-0.371	0.285	-0.484	0.371	
		0.795	-0.448	-0.768	-0.082	
		0.248	0.525	-1.039	-0.173	
		0.802	0.054	-0.820	-0.618	
		-0.135	0.163	-0.354	0.248	
		0.368	-0.074	-0.348	-0.039	
		0.018	0.493	-0.646	-0.088	
		-0.146	0.038	0.397	-0.409	
		-0.882	0.595	-1.000	0.533	
		0.853	-0.406	-0.968	-0.109	
		0.095	-0.209	-0.016	0.108	
		0.346	0.068	-0.581	0.017	
		-1.096	0.423	-0.877	0.720	
		0.640	-0.380	-0.829	0.151	
		0.666	-1.945	-0.280	0.412	
		0.947	-0.917	-0.407	-0.344	
		-0.060	0.019	-0.420	0.355	
		0.847	-0.754	-0.676	-0.026	
		0.419	-0.547	0.097	-0.138	
		0.907	-0.037	-1.268	-0.445	
		-0.188	-0.010	-0.660	0.581	
		0.570	-0.122	-0.774	0.017	
		-0.065	-0.233	0.054	0.207	
		0.187	-0.070	0.181	-0.367	
		-0.937	0.172	-0.726	0.804	
		0.700	-0.423	-0.632	-0.023	
		0.236	-0.293	-0.794	0.515	
		0.668	-0.093	-0.753	-0.184	
		-0.649	0.535	-0.850	0.442	
		0.731	-0.319	-0.784	-0.063	
		0.560	-1.979	-0.531	0.660	
		0.900	-0.798	-0.410	-0.310	
		-0.283	0.099	-0.536	0.503	
		0.579	-0.376	-0.755	0.193	
		0.272	-0.295	-0.339	0.247	
		0.669	-0.044	-0.445	-0.503	
		-0.455	0.180	-0.215	0.351	
		0.815	-0.477	-0.880	-0.031	
		0.411	-0.371	-0.589	0.300	
		0.471	-0.239	-0.103	-0.259	
		-0.636	0.285	-0.715	0.613	
		0.595	-0.400	-0.753	0.187	
		0.121	-0.581	-0.405	0.574	
		0.688	-0.053	-1.077	-0.073	
		-0.687	0.432	-0.671	0.487	
		0.658	-0.504	-0.964	0.269	
		0.451	-1.016	-0.355	0.440	
		1.218	-0.833	-0.874	-0.817	
		-0.162	0.026	-0.712	0.563	
		0.822	-0.612	-1.080	0.144	
		0.441	-0.702	-0.396	0.343	
		0.957	-0.233	-0.876	-0.592	
		-0.331	-0.095	-0.405	0.598	
		0.414	-0.403	-0.889	0.456	
		-0.134	-0.003	-0.410	0.420	
		0.496	-0.057	-0.296	-0.296	
		-0.684	0.206	-0.547	0.623	
		0.506	0.030	-0.831	-0.005	
		0.002	0.277	-0.829	0.292	
		0.043	0.780	-0.989	-0.417	
		-0.874	0.705	-1.201	0.475	
		0.605	-0.144	-0.761	-0.023	
		0.654	-1.272	-0.528	0.399	
		0.529	0.108	-0.428	-0.443	
		-0.535	0.162	-0.349	0.491	
		0.574	-0.480	-0.710	0.242	
		0.260	0.099	-0.823	0.221	
		0.617	0.292	-0.755	-0.624	
		-0.226	0.098	-0.763	0.571	
		0.452	-0.200	-0.554	0.112	
		0.012	0.083	-0.659	0.378	
		-0.079	0.435	-0.022	-0.481	
		-0.839	0.340	-0.632	0.613	
		0.657	-0.271	-0.800	0.029	
		0.063	-0.078	-0.367	0.301	
		-0.126	0.468	-0.149	-0.324	
		-1.041	0.565	-0.958	0.603	
		0.623	-0.479	-0.493	0.045	
		0.773	-1.526	-0.781	0.445	
		0.671	-0.854	0.253	-0.593	
		0.071	0.177	-0.521	0.167	
		0.653	-0.821	-0.558	0.242	
		0.554	-0.393	-0.359	-0.013	
		0.904	-0.138	-0.669	-0.759	
		-0.619	0.432	-1.519	0.723	
		0.361	-0.236	-0.322	0.093	
		0.321	-0.244	-0.463	0.240	
		0.082	-0.187	0.441	-0.503	
		-0.494	0.459	-0.692	0.375	
		0.791	-0.292	-1.462	0.123	
		0.205	-0.085	-0.670	0.352	
		0.468	0.070	-0.798	-0.012	
		-0.789	0.613	-1.137	0.523	
		0.750	-0.168	-1.055	-0.079	
		0.534	-1.627	-0.894	0.757	
		0.840	-0.651	-0.328	-0.364	
		-0.075	-0.068	-0.426	0.436	
		0.546	-0.209	-1.203	0.311	
		0.041	-0.021	-0.345	0.261	
		0.598	0.075	-0.629	-0.348	
		-0.718	0.326	-0.098	0.268	
		0.669	-0.384	-0.720	0.051	
		0.205	0.033	-0.413	0.101	
		0.310	-0.236	-0.034	-0.097	
		-0.587	0.372	-0.384	0.349	
		.	.	.	.	
		.	.	.	.	
		.	.	.	.	
		.	.	.	.	
		0.723	-0.421	-0.978	0.131	
		0.623	-1.082	-0.384	0.288	
		0.932	-0.354	-0.480	-0.754	
		-0.097	-0.164	-0.442	0.523	
		.	.	.	.	
		.	.	.	.	
		.	.	.	.	
		.	.	.	.	
		0.269	-0.331	-0.775	0.501	
		0.050	0.040	-0.355	0.208	
		0.048	0.113	-0.276	0.083	
		-0.951	-0.028	-0.424	0.813	
		0.577	0.014	-0.692	-0.185	
		-0.087	0.359	-0.538	0.120	
		0.354	0.354	-0.558	-0.386	
		-1.281	0.958	-1.281	0.304	
		0.413	0.012	-0.580	-0.014	
		0.314	-1.054	-0.338	0.569	
		0.490	-0.236	-0.009	-0.409	
		-0.703	0.555	-0.387	0.204	
		0.628	-0.343	-0.864	0.159	
		0.134	0.201	-0.707	0.190	
		0.593	0.125	-0.495	-0.531	
		-0.512	0.641	-0.658	0.144	
		0.346	-0.121	-0.467	0.118	
		-0.171	0.358	-0.509	0.173	
		0.087	0.041	0.206	-0.406	
		-1.386	0.684	-0.585	0.427	
		.	.	.	.	
		.	.	.	.	
		.	.	.	.	
		.	.	.	.	
		0.626	-0.392	-0.817	0.172	
		0.358	-0.752	-0.378	0.438	
		0.787	-0.669	-0.174	-0.398	
		-0.238	0.184	-0.238	0.225	
		0.731	-0.379	-0.806	-0.002	
		0.225	-0.895	-0.121	0.458	
		0.694	-0.228	-0.467	-0.314	
		-0.657	0.242	-0.257	0.429	
		0.439	-0.173	-0.947	0.309	
		-0.070	0.363	-0.367	-0.020	
		0.237	0.049	-0.038	-0.298	
		-1.784	0.216	-0.282	0.787	
		0.696	-0.311	-0.577	-0.146	
		-0.379	0.353	-0.563	0.353	
		0.628	0.202	-0.784	-0.467	
		-1.129	0.712	-1.129	0.534	
		0.626	-0.339	-0.959	0.203	
		0.215	-0.758	-0.143	0.424	
		0.907	-0.523	-0.549	-0.425	
		-0.128	0.016	-0.329	0.353	
		0.516	-0.174	-0.347	-0.157	
		0.150	-0.091	-0.376	0.240	
		0.606	0.101	-0.415	-0.610	
		-0.465	0.252	-0.416	0.417	
		0.543	-0.468	-0.721	0.279	
		0.070	0.039	-0.807	0.434	
		0.274	-0.061	-0.167	-0.087	
		-0.565	0.148	-0.307	0.493	

Donor SDT 2 0 4 2 0.000
	GT SAM 15 3 4 15 0.000
		E-3 LUT 3 2 4 0 0.000
			0.516	-0.091	-0.058	-0.577	
			0.678	-0.145	-0.322	-0.524	
			0.794	-0.322	-0.049	-1.000	
			0.112	0.142	0.016	-0.314	
			0.579	0.220	-0.719	-0.446	
			1.152	-0.629	-0.629	-1.044	
			1.048	0.048	-0.668	-1.891	
			0.146	0.089	0.089	-0.385	
			0.538	-0.145	0.020	-0.666	
			0.580	-0.218	0.013	-0.654	
			1.101	0.351	-0.939	-4.109	
			-0.918	0.082	0.305	0.234	
			0.561	0.239	-1.471	-0.024	
			0.935	0.122	-0.766	-1.280	
			0.396	0.366	-0.265	-0.827	
			-0.075	0.340	-0.075	-0.258	
		E-2 LUT 3 2 4 0 0.000
			0.993	-0.503	-0.834	-0.430	
			1.213	-1.388	-0.651	-0.594	
			1.061	-0.038	-0.939	-1.261	
			0.515	-0.415	-0.222	-0.052	
			1.313	-1.365	-0.687	-0.986	
			1.631	-2.672	-1.350	-1.503	
			1.302	-0.967	-0.726	-1.256	
			0.110	-0.807	0.667	-0.392	
			1.258	-1.000	-0.939	-0.769	
			1.487	-1.411	-0.963	-1.700	
			1.149	-0.288	-0.790	-1.375	
			-1.426	0.481	-0.104	0.381	
			0.928	-0.784	-0.867	-0.047	
			1.400	-1.112	-0.878	-1.499	
			0.886	-0.044	-0.401	-1.237	
			-0.138	0.026	0.348	-0.322	
		E-1 LUT 3 2 4 0 0.000
			-1.025	-2.347	1.506	-1.084	
			-0.556	-1.184	1.239	-0.943	
			-0.700	-0.531	1.206	-1.379	
			-1.254	-1.632	1.368	-0.562	
			-0.425	-2.540	1.490	-1.862	
			-0.233	-1.970	1.200	-0.747	
			-0.670	-0.807	1.330	-1.807	
			-2.248	-1.026	1.525	-1.248	
			-0.652	-2.611	1.418	-0.923	
			-1.000	-2.138	1.373	-0.553	
			-0.022	-1.215	1.148	-1.437	
			-2.426	-1.426	1.661	-1.841	
			-0.178	-1.619	0.966	-0.256	
			-0.730	-1.382	1.096	-0.190	
			-0.970	-2.233	1.533	-1.385	
			-1.907	-1.229	1.472	-0.907	
		G LUT 3 2 4 0 0.000
			-5.401	-5.401	1.974	-5.401	
			-3.672	-3.672	1.913	-3.672	
			-7.498	-7.498	1.994	-7.498	
			-4.895	-4.895	1.963	-4.895	
			-3.615	-3.615	1.909	-3.615	
			-2.700	-2.700	1.823	-2.700	
			-5.508	-5.508	1.976	-5.508	
			-3.672	-3.672	1.913	-3.672	
			-3.781	-3.781	1.919	-3.781	
			-3.322	-3.322	1.888	-3.322	
			-5.700	-5.700	1.979	-5.700	
			-2.907	-2.907	1.848	-2.907	
			-2.524	-2.524	1.798	-2.524	
			-2.858	-2.858	1.842	-2.858	
			-5.693	-5.693	1.979	-5.693	
			-3.322	-3.322	1.888	-3.322	
		T LUT 3 2 4 0 0.000
			0.000	0.000	0.000	0.000	
			0.000	0.000	0.000	0.000	
			-6.150	-6.150	-6.150	1.985	
			0.000	0.000	0.000	0.000	
			0.000	0.000	0.000	0.000	
			0.000	0.000	0.000	0.000	
			-5.066	-5.066	-5.066	1.967	
			0.000	0.000	0.000	0.000	
			0.000	0.000	0.000	0.000	
			0.000	0.000	0.000	0.000	
			-8.353	-8.353	-8.353	1.997	
			0.000	0.000	0.000	0.000	
			0.000	0.000	0.000	0.000	
			0.000	0.000	0.000	0.000	
			-5.833	-5.833	-5.833	1.981	
			0.000	0.000	0.000	0.000	
		I+1 LUT 3 2 4 0 0.000
			0.000	0.000	0.000	0.000	
			0.000	0.000	0.000	0.000	
			0.000	0.000	0.000	0.000	
			0.000	0.000	0.000	0.000	
			0.000	0.000	0.000	0.000	
			0.000	0.000	0.000	0.000	
			0.000	0.000	0.000	0.000	
			0.000	0.000	0.000	0.000	
			0.000	0.000	0.000	0.000	
			0.000	0.000	0.000	0.000	
			0.000	0.000	0.000	0.000	
			1.258	-4.338	0.473	-2.548	
			0.000	0.000	0.000	0.000	
			0.000	0.000	0.000	0.000	
			0.000	0.000	0.000	0.000	
			0.000	0.000	0.000	0.000	
		I+2 LUT 3 2 4 0 0.000
			0.000	0.000	0.000	0.000	
			0.000	0.000	0.000	0.000	
			0.000	0.000	0.000	0.000	
			0.000	0.000	0.000	0.000	
			0.000	0.000	0.000	0.000	
			0.000	0.000	0.000	0.000	
			0.000	0.000	0.000	0.000	
			0.000	0.000	0.000	0.000	
			0.000	0.000	0.000	0.000	
			0.000	0.000	0.000	0.000	
			0.000	0.000	0.000	0.000	
			0.000	0.000	0.000	0.000	
			1.570	-2.185	-1.600	-1.056	
			1.245	-1.755	-0.755	-0.433	
			1.684	-1.944	-1.233	-3.316	
			1.066	-1.841	-1.104	0.218	
		I+3 LUT 3 2 4 0 0.000
			-1.853	-3.116	1.754	-2.087	
			-0.607	-3.066	1.393	-0.744	
			-1.822	-2.044	1.710	-2.307	
			-1.160	-3.160	1.635	-1.575	
			-2.248	-2.248	1.752	-2.248	
			-0.322	-0.322	0.678	-0.322	
			-0.807	-0.807	1.193	-0.807	
			-1.000	-1.000	1.322	-1.000	
			-3.773	-4.510	1.935	-4.095	
			-1.555	-1.555	1.533	-1.233	
			-4.229	-4.229	1.921	-3.229	
			-2.322	-2.322	1.766	-2.322	
			-2.585	-3.585	1.874	-3.585	
			-0.170	-1.170	1.152	-1.170	
			-0.700	-0.700	1.300	-1.700	
			-2.807	-1.807	1.652	-1.222	
		I+4 LUT 3 2 4 0 0.000
			-0.102	-1.382	-0.868	1.096	
			-1.044	-0.459	-1.044	1.204	
			-1.170	-1.272	-3.150	1.599	
			-0.230	-1.346	-0.609	1.069	
			0.152	-0.170	-0.585	0.415	
			0.585	0.000	-1.000	0.000	
			-1.087	-1.602	-2.824	1.613	
			0.497	-1.087	-0.503	0.497	
			-1.459	-1.459	0.126	1.126	
			-0.322	-1.322	-0.322	1.000	
			-0.898	-0.965	-2.036	1.437	
			-0.170	-1.170	-0.170	0.830	
			0.074	0.559	-1.248	0.074	
			-1.000	0.000	0.585	0.000	
			-1.276	-1.106	-2.276	1.544	
			-1.087	-1.087	1.234	-0.503	
		I+5 LUT 3 2 4 0 0.000
			0.363	-0.485	-0.222	0.193	
			0.922	0.074	-2.248	-0.248	
			0.152	-0.170	-0.170	0.152	
			0.948	-1.807	-0.348	0.000	
			0.678	-0.322	-0.322	-0.322	
			0.862	0.126	-1.459	-0.459	
			-0.322	-0.322	-0.322	0.678	
			1.193	-2.807	-0.807	0.000	
			0.400	-0.899	-0.600	0.570	
			0.621	-0.753	-0.923	0.423	
			0.842	0.049	-1.858	-0.158	
			0.405	-1.005	-0.202	0.388	
			0.284	-0.939	-0.939	0.798	
			0.126	-0.459	-0.459	0.541	
			0.356	0.356	-1.644	0.163	
			0.830	-0.492	-0.170	-0.684	
		I+6 LUT 3 2 4 0 0.000
			0.817	-1.392	-0.585	0.252	
			0.000	-0.170	-0.363	0.415	
			0.159	-0.426	-0.841	0.661	
			0.431	-0.823	-0.823	0.606	
			0.415	-0.443	-0.858	0.464	
			1.038	-0.402	-0.888	-0.624	
			0.652	-0.485	0.000	-0.485	
			0.310	-0.342	-0.150	0.098	
			0.890	-0.773	-1.773	0.343	
			0.142	0.312	-0.858	0.142	
			-0.585	-0.585	0.737	0.000	
			-0.051	-0.858	-0.273	0.727	
			-0.024	-0.073	-0.392	0.382	
			0.398	0.150	-0.627	-0.113	
			0.037	-0.038	-0.119	0.110	
			-0.079	-0.974	-0.284	0.785	
		I+7 LUT 3 2 4 0 0.000
			0.510	-0.253	-1.287	0.408	
			0.618	-0.382	-0.798	0.168	
			0.157	0.114	-1.346	0.496	
			0.282	-0.212	-1.126	0.548	
			0.505	-0.217	-0.369	-0.080	
			0.415	-0.170	-0.170	-0.170	
			0.447	0.447	-0.652	-0.652	
			-0.044	-0.237	0.204	0.043	
			0.898	-0.599	-1.365	0.121	
			0.109	0.225	-1.306	0.431	
			0.670	-0.372	-0.372	-0.212	
			0.013	-0.420	-0.934	0.782	
			0.380	-0.568	-1.205	0.669	
			0.348	0.064	-0.759	0.126	
			0.503	-0.234	-0.181	-0.234	
			-0.110	-0.316	-0.209	0.491	
		I+8 LUT 3 2 4 0 0.000
			0.489	-0.274	-0.656	0.182	
			0.333	0.000	-0.755	0.199	
			0.519	0.578	-0.896	-0.896	
			0.177	0.091	-0.617	0.204	
			0.479	-0.138	-0.585	0.043	
			0.818	-0.369	-1.080	-0.016	
			0.365	-0.423	-0.182	0.117	
			0.112	-0.151	-0.987	0.598	
			0.311	-0.367	-0.204	0.159	
			0.334	0.000	-0.202	-0.202	
			0.170	-0.193	0.087	-0.093	
			-0.263	-0.415	0.273	0.273	
			0.188	-0.104	-0.726	0.407	
			0.133	0.245	-0.553	0.052	
			0.155	0.012	-0.386	0.155	
			-0.245	-0.245	-0.161	0.504	
		I+9 LUT 3 2 4 0 0.000
			0.585	-0.491	-0.794	0.277	
			0.213	0.139	-1.301	0.415	
			0.276	-0.013	-1.068	0.402	
			0.076	-0.147	-0.291	0.294	
			0.146	-0.185	-0.385	0.320	
			0.290	0.199	-0.667	0.000	
			0.263	-0.042	-0.322	0.041	
			0.139	-0.598	-0.124	0.402	
			0.319	-0.954	-0.080	0.368	
			0.696	-0.056	-1.496	0.089	
			-0.024	0.069	-0.471	0.317	
			-0.363	-0.263	0.415	0.078	
			0.178	-0.341	-0.119	0.212	
			-0.105	0.494	-0.626	0.020	
			0.232	-0.277	0.193	-0.222	
			0.107	-0.613	-0.028	0.366	
		I+10 LUT 3 2 4 0 0.000
			0.245	-0.170	-0.518	0.296	
			0.611	-0.694	-0.694	0.306	
			0.074	0.074	-0.926	0.453	
			0.431	-0.500	-0.642	0.383	
			0.774	-0.354	-0.861	-0.064	
			0.318	-0.154	-0.465	0.177	
			0.317	0.157	-0.230	-0.346	
			-0.164	-0.267	-0.215	0.501	
			0.482	-0.821	-0.921	0.594	
			0.618	-0.178	-0.967	0.097	
			0.314	-0.303	-0.209	0.112	
			-0.737	-0.396	0.214	0.566	
			0.066	-0.412	-0.175	0.396	
			0.402	-0.376	-0.183	0.039	
			-0.109	-0.109	-0.021	0.213	
			0.160	-0.626	-0.162	0.423	
	NN TRM 0 0 0 0 0.000

Inter LUT 5 4 4 0 0.000
	0.672	-0.479	-0.634	0.064	
	0.610	-0.497	-0.549	0.114	
	0.066	-0.030	-0.437	0.305	
	0.287	-0.602	-0.116	0.260	
	0.723	-0.467	-0.498	-0.124	
	0.634	-0.088	-0.341	-0.478	
	0.538	-0.074	-0.414	-0.239	
	0.027	-0.467	-0.086	0.395	
	0.692	-0.809	-0.206	-0.079	
	0.396	-0.211	-0.267	-0.016	
	0.387	-0.085	-0.259	-0.130	
	-0.042	-0.610	0.110	0.372	
	0.556	-0.718	-0.894	0.469	
	0.396	-0.287	-0.114	-0.089	
	0.026	-0.006	-0.265	0.207	
	0.112	-0.689	-0.186	0.505	
	0.725	-0.305	-0.799	-0.054	
	0.890	-0.621	-0.805	-0.115	
	0.253	0.240	-0.628	-0.029	
	0.375	-0.736	-0.526	0.494	
	0.459	-0.112	-0.356	-0.123	
	0.654	-0.069	-0.683	-0.235	
	0.603	0.201	-0.716	-0.469	
	-0.035	-0.309	-0.155	0.399	
	0.639	-0.491	-0.366	-0.066	
	0.495	0.028	-0.630	-0.112	
	0.349	0.166	-0.366	-0.272	
	0.129	-0.504	-0.122	0.359	
	0.594	-0.436	-0.753	0.212	
	0.297	-0.273	-0.134	0.046	
	0.193	0.099	-0.259	-0.074	
	-0.174	-0.614	-0.219	0.679	
	0.786	-0.653	-0.384	-0.196	
	0.574	-0.296	-0.410	-0.083	
	0.404	0.054	-0.365	-0.214	
	0.317	-0.519	-0.249	0.281	
	0.499	-0.547	0.100	-0.268	
	0.769	-0.367	-0.263	-0.541	
	0.480	-0.216	-0.046	-0.367	
	-0.202	-0.346	0.267	0.191	
	0.561	-0.624	-0.058	-0.128	
	0.560	-0.383	-0.113	-0.262	
	0.288	-0.218	0.030	-0.154	
	0.043	-0.661	0.330	0.111	
	0.492	-0.424	-0.479	0.178	
	0.381	-0.236	-0.058	-0.171	
	-0.025	0.099	-0.063	-0.016	
	-0.238	-0.564	-0.036	0.585	
	0.787	-0.795	-0.852	0.195	
	0.756	-0.499	-0.674	-0.034	
	0.319	-0.037	-0.716	0.226	
	0.550	-0.984	-0.491	0.399	
	0.568	-0.634	-0.344	0.119	
	0.489	-0.155	-0.327	-0.149	
	0.547	-0.038	-0.502	-0.220	
	-0.014	-0.270	-0.038	0.270	
	0.631	-0.643	-0.487	0.134	
	0.556	-0.190	-0.469	-0.105	
	0.157	0.200	-0.203	-0.205	
	0.252	-0.752	-0.003	0.283	
	0.595	-0.693	-0.737	0.346	
	0.352	-0.095	-0.247	-0.082	
	0.138	-0.001	-0.512	0.263	
	0.066	-0.404	-0.330	0.487	
	0.566	-0.443	-0.618	0.179	
	0.623	-0.514	-0.712	0.200	
	0.033	-0.062	-0.450	0.363	
	-0.118	-0.434	-0.331	0.626	
	0.167	0.306	-0.559	-0.056	
	0.476	-0.063	-0.479	-0.097	
	0.053	0.295	-0.487	0.033	
	-0.675	-0.133	-0.110	0.618	
	0.485	-0.403	-0.263	0.016	
	0.560	-0.333	-0.608	0.105	
	0.263	0.096	-0.406	-0.034	
	-0.528	-0.351	0.015	0.596	
	0.374	-0.400	-0.976	0.524	
	0.221	-0.106	-0.230	0.075	
	-0.161	0.098	-0.313	0.299	
	-0.342	-0.467	-0.538	0.847	
	0.618	-0.278	-0.474	-0.119	
	0.374	0.063	-0.827	0.133	
	-0.002	0.409	-0.567	-0.001	
	-0.237	-0.090	-0.554	0.614	
	0.296	-0.019	-0.348	0.000	
	0.329	0.171	-0.659	-0.023	
	0.251	0.314	-0.494	-0.222	
	-0.522	-0.050	-0.106	0.494	
	0.533	-0.454	-0.361	0.063	
	0.236	0.334	-1.093	0.128	
	0.103	0.407	-0.356	-0.289	
	-0.267	-0.193	-0.193	0.505	
	0.497	-0.336	-0.746	0.263	
	-0.098	0.111	-0.279	0.216	
	-0.240	0.311	-0.153	0.019	
	-0.455	-0.260	-0.303	0.700	
	0.707	-0.496	-0.621	0.012	
	0.269	-0.393	-0.230	0.240	
	0.091	0.035	-0.315	0.146	
	-0.046	-0.510	-0.183	0.535	
	0.209	-0.159	-0.102	0.024	
	0.346	-0.026	-0.238	-0.154	
	0.066	0.057	-0.301	0.140	
	-0.787	-0.007	0.149	0.397	
	0.532	-0.602	-0.196	0.032	
	0.345	-0.325	-0.136	0.031	
	-0.107	0.182	-0.001	-0.092	
	-0.429	-0.429	0.177	0.470	
	0.351	-0.490	-0.485	0.376	
	0.116	-0.290	0.043	0.095	
	-0.300	0.001	-0.202	0.398	
	-0.586	-0.464	-0.107	0.748	
	0.521	-0.462	-0.689	0.286	
	0.445	-0.314	-0.647	0.258	
	0.218	0.076	-0.605	0.170	
	0.202	-0.467	-0.454	0.482	
	0.399	-0.199	-0.440	0.102	
	0.370	-0.229	-0.384	0.122	
	0.269	0.080	-0.415	-0.017	
	-0.464	0.096	-0.144	0.380	
	0.501	-0.318	-0.477	0.089	
	0.242	-0.050	-0.470	0.176	
	-0.072	0.413	-0.258	-0.183	
	-0.214	-0.385	0.014	0.446	
	0.583	-0.605	-0.660	0.277	
	0.182	-0.170	-0.341	0.248	
	0.010	-0.048	-0.141	0.163	
	-0.354	-0.325	-0.237	0.651	
	0.666	-0.641	-0.667	0.191	
	0.330	-0.427	-0.452	0.343	
	0.171	-0.045	-0.336	0.154	
	0.035	-0.454	-0.130	0.413	
	0.404	-0.317	-0.153	-0.037	
	0.550	-0.084	-0.468	-0.203	
	0.455	-0.093	-0.202	-0.282	
	-0.379	-0.297	0.044	0.471	
	0.528	-0.784	0.103	-0.146	
	0.493	-0.441	-0.239	0.013	
	0.423	-0.113	-0.137	-0.277	
	-0.187	-0.581	0.199	0.385	
	0.465	-0.493	-0.608	0.325	
	0.052	-0.093	-0.113	0.139	
	0.230	-0.191	-0.033	-0.039	
	-0.229	-0.560	-0.204	0.678	
	0.596	-0.201	-0.780	0.051	
	0.614	-0.412	-0.860	0.223	
	-0.033	0.507	-0.551	-0.122	
	0.065	-0.510	-0.528	0.640	
	0.390	-0.199	-0.202	-0.075	
	0.622	-0.036	-0.493	-0.368	
	0.038	0.384	-0.251	-0.271	
	-0.426	-0.186	0.071	0.407	
	0.510	-0.515	-0.226	0.031	
	0.342	-0.033	-0.581	0.120	
	0.088	0.356	-0.363	-0.185	
	-0.183	-0.522	0.114	0.423	
	0.641	-0.477	-0.640	0.111	
	0.077	-0.055	-0.299	0.226	
	-0.187	0.368	-0.188	-0.070	
	-0.099	-0.480	-0.384	0.663	
	0.859	-0.832	-0.646	-0.022	
	0.491	-0.411	-0.466	0.162	
	0.073	0.101	-0.010	-0.180	
	-0.088	-0.470	-0.068	0.469	
	0.485	-0.570	-0.028	-0.080	
	0.890	-0.542	-0.491	-0.417	
	0.295	-0.256	0.143	-0.266	
	-0.325	-0.413	0.196	0.384	
	0.762	-0.958	-0.269	-0.059	
	0.367	-0.390	-0.074	-0.004	
	0.137	-0.111	0.166	-0.230	
	-0.175	-0.489	0.153	0.367	
	0.661	-0.931	-0.434	0.206	
	0.383	-0.460	-0.192	0.130	
	0.031	-0.256	0.287	-0.118	
	-0.297	-0.500	-0.163	0.665	
	0.589	-0.795	-0.352	0.184	
	0.661	-0.726	-0.483	0.136	
	0.189	-0.014	-0.482	0.206	
	0.148	-0.582	-0.258	0.473	
	0.354	-0.409	-0.139	0.086	
	0.401	-0.309	-0.339	0.114	
	0.121	0.131	-0.280	-0.008	
	-0.316	-0.315	0.257	0.261	
	0.443	-0.563	0.047	-0.104	
	0.347	-0.248	-0.199	0.021	
	0.066	0.138	-0.021	-0.206	
	-0.287	-0.796	0.613	0.104	
	0.510	-0.577	-0.495	0.258	
	0.204	-0.214	-0.145	0.112	
	-0.063	0.043	-0.222	0.208	
	-0.216	-0.451	-0.260	0.653	
	0.508	-0.608	-0.799	0.430	
	0.371	-0.249	-0.796	0.367	
	-0.035	0.063	-0.793	0.488	
	0.069	-0.729	-0.441	0.688	
	0.370	-0.364	-0.773	0.428	
	0.505	-0.084	-0.752	0.062	
	0.379	-0.068	-0.625	0.134	
	-0.088	-0.340	-0.573	0.675	
	0.493	-0.656	-0.440	0.288	
	0.295	-0.118	-0.773	0.340	
	0.141	0.003	-0.325	0.134	
	-0.177	-0.650	-0.470	0.812	
	0.171	-0.721	-1.048	0.835	
	0.184	-0.341	-0.352	0.368	
	-0.127	-0.074	-0.563	0.543	
	-0.085	-0.817	-0.623	0.880	
	0.489	-0.454	-0.624	0.285	
	0.454	-0.301	-0.884	0.353	
	-0.088	0.316	-0.717	0.271	
	-0.092	-0.267	-0.685	0.686	
	0.267	-0.138	-0.400	0.176	
	0.404	0.094	-0.683	-0.021	
	0.162	0.155	-0.474	0.067	
	-0.601	-0.045	-0.117	0.535	
	0.483	-0.714	-0.378	0.290	
	0.298	0.018	-0.891	0.285	
	0.068	0.121	-0.391	0.139	
	-0.148	-0.293	-0.446	0.630	
	0.321	-0.439	-0.595	0.434	
	-0.048	-0.210	-0.465	0.530	
	-0.219	0.138	-0.300	0.296	
	-0.255	-0.335	-0.332	0.655	
	0.693	-0.713	-0.626	0.171	
	0.430	-0.281	-0.700	0.279	
	-0.031	-0.021	-0.553	0.437	
	0.020	-0.868	-0.204	0.650	
	0.371	-0.500	-0.137	0.125	
	0.591	-0.314	-0.385	-0.114	
	0.207	-0.135	-0.153	0.052	
	-0.414	-0.224	0.212	0.305	
	0.619	-0.741	-0.265	0.048	
	0.366	-0.042	-0.552	0.081	
	-0.045	0.075	-0.153	0.109	
	-0.242	-0.351	-0.063	0.499	
	0.330	-0.478	-0.701	0.496	
	0.229	-0.245	-0.326	0.246	
	-0.403	-0.088	-0.392	0.624	
	-0.451	-0.699	-0.077	0.770	
	0.622	-0.777	-0.690	0.331	
	0.465	-0.354	-0.651	0.264	
	-0.049	0.094	-0.581	0.376	
	0.018	-0.710	-0.457	0.721	
	0.453	-0.490	-0.375	0.199	
	0.419	-0.063	-0.489	-0.009	
	0.235	0.011	-0.393	0.076	
	-0.222	-0.310	-0.199	0.550	
	0.577	-0.584	-0.508	0.186	
	0.412	-0.022	-0.729	0.112	
	-0.176	0.373	-0.279	-0.007	
	-0.137	-0.682	-0.170	0.659	
	0.501	-0.708	-0.823	0.493	
	0.143	-0.017	-0.309	0.138	
	-0.205	0.021	-0.325	0.400	
	-0.183	-0.336	-0.371	0.636	

Intron LUT 5 4 4 0 0.000
	0.675	-0.523	-0.597	0.065	
	0.593	-0.505	-0.598	0.172	
	0.011	-0.044	-0.374	0.322	
	0.230	-0.636	-0.035	0.273	
	0.700	-0.486	-0.459	-0.098	
	0.603	-0.061	-0.305	-0.488	
	0.515	-0.050	-0.404	-0.237	
	-0.075	-0.450	-0.061	0.444	
	0.663	-0.844	-0.153	-0.058	
	0.339	-0.157	-0.298	0.035	
	0.319	-0.128	-0.190	-0.058	
	-0.100	-0.607	0.121	0.404	
	0.537	-0.743	-0.832	0.475	
	0.423	-0.257	-0.217	-0.055	
	0.000	0.019	-0.194	0.154	
	0.102	-0.725	-0.164	0.515	
	0.706	-0.320	-0.816	-0.000	
	0.875	-0.614	-0.797	-0.093	
	0.210	0.257	-0.533	-0.063	
	0.307	-0.759	-0.448	0.525	
	0.463	-0.129	-0.406	-0.070	
	0.669	-0.067	-0.730	-0.230	
	0.625	0.214	-0.738	-0.517	
	-0.167	-0.270	-0.091	0.423	
	0.624	-0.375	-0.380	-0.122	
	0.470	0.071	-0.756	-0.041	
	0.301	0.184	-0.282	-0.305	
	0.099	-0.467	-0.084	0.336	
	0.601	-0.411	-0.805	0.213	
	0.273	-0.282	-0.082	0.035	
	0.190	0.120	-0.225	-0.125	
	-0.251	-0.599	-0.196	0.702	
	0.798	-0.690	-0.404	-0.176	
	0.600	-0.349	-0.450	-0.049	
	0.353	0.030	-0.268	-0.199	
	0.307	-0.550	-0.209	0.281	
	0.453	-0.530	0.120	-0.230	
	0.769	-0.379	-0.277	-0.512	
	0.434	-0.227	-0.038	-0.285	
	-0.288	-0.286	0.272	0.205	
	0.565	-0.605	-0.069	-0.137	
	0.612	-0.390	-0.230	-0.225	
	0.271	-0.279	0.093	-0.147	
	0.076	-0.726	0.373	0.064	
	0.500	-0.480	-0.451	0.185	
	0.362	-0.244	-0.049	-0.146	
	-0.007	0.060	0.033	-0.092	
	-0.321	-0.561	0.013	0.598	
	0.786	-0.828	-0.870	0.221	
	0.712	-0.468	-0.676	0.018	
	0.345	-0.051	-0.706	0.203	
	0.461	-0.904	-0.383	0.403	
	0.567	-0.677	-0.395	0.179	
	0.469	-0.119	-0.362	-0.125	
	0.447	0.044	-0.480	-0.170	
	-0.091	-0.243	-0.004	0.286	
	0.605	-0.619	-0.460	0.138	
	0.555	-0.149	-0.498	-0.119	
	0.090	0.244	-0.160	-0.225	
	0.175	-0.657	0.031	0.281	
	0.603	-0.712	-0.738	0.346	
	0.363	-0.055	-0.300	-0.090	
	0.144	0.013	-0.469	0.219	
	0.011	-0.355	-0.287	0.476	
	0.556	-0.455	-0.611	0.196	
	0.585	-0.530	-0.724	0.265	
	-0.043	-0.093	-0.376	0.402	
	-0.196	-0.429	-0.288	0.647	
	0.146	0.261	-0.502	-0.017	
	0.434	-0.000	-0.492	-0.092	
	0.029	0.269	-0.453	0.062	
	-0.787	-0.107	-0.164	0.678	
	0.409	-0.332	-0.226	0.032	
	0.546	-0.318	-0.668	0.149	
	0.166	0.059	-0.343	0.067	
	-0.599	-0.326	0.007	0.621	
	0.451	-0.481	-0.997	0.501	
	0.219	-0.091	-0.289	0.109	
	-0.177	0.123	-0.298	0.278	
	-0.355	-0.468	-0.576	0.867	
	0.638	-0.260	-0.483	-0.163	
	0.364	0.094	-0.902	0.151	
	0.018	0.404	-0.539	-0.035	
	-0.258	-0.138	-0.547	0.651	
	0.246	0.008	-0.355	0.038	
	0.300	0.195	-0.715	0.021	
	0.221	0.301	-0.390	-0.253	
	-0.675	-0.010	-0.110	0.540	
	0.551	-0.427	-0.348	0.008	
	0.260	0.335	-1.232	0.157	
	0.043	0.441	-0.314	-0.309	
	-0.381	-0.128	-0.249	0.561	
	0.525	-0.287	-0.919	0.278	
	-0.124	0.133	-0.270	0.209	
	-0.294	0.348	-0.163	0.026	
	-0.518	-0.245	-0.294	0.716	
	0.699	-0.494	-0.643	0.037	
	0.266	-0.354	-0.321	0.280	
	0.030	0.024	-0.239	0.158	
	-0.203	-0.543	-0.064	0.574	
	0.205	-0.155	-0.097	0.020	
	0.346	0.014	-0.327	-0.118	
	0.011	0.014	-0.215	0.165	
	-0.897	-0.049	0.185	0.443	
	0.514	-0.544	-0.205	0.027	
	0.326	-0.313	-0.205	0.102	
	-0.172	0.196	0.036	-0.087	
	-0.447	-0.521	0.219	0.491	
	0.355	-0.508	-0.496	0.388	
	0.107	-0.233	-0.025	0.124	
	-0.301	0.011	-0.124	0.337	
	-0.654	-0.505	-0.072	0.772	
	0.491	-0.436	-0.825	0.368	
	0.368	-0.260	-0.681	0.323	
	0.212	0.047	-0.603	0.202	
	0.158	-0.492	-0.450	0.528	
	0.365	-0.196	-0.446	0.143	
	0.337	-0.242	-0.416	0.191	
	0.231	0.069	-0.376	0.009	
	-0.545	0.090	-0.118	0.411	
	0.490	-0.279	-0.496	0.087	
	0.212	-0.019	-0.536	0.220	
	-0.136	0.450	-0.230	-0.199	
	-0.317	-0.298	-0.014	0.478	
	0.587	-0.598	-0.665	0.271	
	0.165	-0.178	-0.413	0.315	
	-0.008	-0.025	-0.106	0.128	
	-0.416	-0.308	-0.212	0.659	
	0.687	-0.732	-0.671	0.214	
	0.296	-0.411	-0.505	0.395	
	0.133	-0.108	-0.261	0.190	
	-0.002	-0.520	-0.055	0.424	
	0.413	-0.329	-0.142	-0.050	
	0.560	-0.078	-0.475	-0.218	
	0.428	-0.065	-0.131	-0.347	
	-0.455	-0.297	0.079	0.485	
	0.515	-0.735	0.010	-0.054	
	0.491	-0.400	-0.350	0.073	
	0.315	-0.105	-0.035	-0.234	
	-0.200	-0.587	0.214	0.383	
	0.456	-0.448	-0.641	0.326	
	0.040	-0.058	-0.204	0.193	
	0.228	-0.198	0.026	-0.091	
	-0.301	-0.540	-0.149	0.677	
	0.624	-0.250	-0.856	0.092	
	0.630	-0.475	-0.917	0.267	
	-0.056	0.498	-0.496	-0.126	
	0.015	-0.556	-0.446	0.655	
	0.379	-0.232	-0.210	-0.025	
	0.630	-0.027	-0.565	-0.331	
	-0.018	0.400	-0.196	-0.286	
	-0.539	-0.133	0.042	0.455	
	0.514	-0.501	-0.306	0.080	
	0.315	0.047	-0.685	0.139	
	0.013	0.393	-0.325	-0.185	
	-0.195	-0.470	0.084	0.427	
	0.656	-0.472	-0.649	0.091	
	0.097	-0.008	-0.344	0.200	
	-0.216	0.388	-0.175	-0.083	
	-0.139	-0.495	-0.392	0.696	
	0.892	-0.893	-0.674	-0.030	
	0.442	-0.410	-0.527	0.257	
	0.008	0.075	0.061	-0.155	
	-0.185	-0.526	0.024	0.495	
	0.487	-0.578	-0.039	-0.066	
	0.908	-0.515	-0.568	-0.416	
	0.278	-0.286	0.160	-0.235	
	-0.394	-0.391	0.201	0.408	
	0.787	-1.007	-0.288	-0.062	
	0.378	-0.452	-0.072	0.026	
	0.087	-0.097	0.203	-0.231	
	-0.219	-0.504	0.180	0.382	
	0.723	-0.941	-0.446	0.130	
	0.348	-0.484	-0.176	0.173	
	0.074	-0.289	0.307	-0.165	
	-0.348	-0.517	-0.138	0.684	
	0.536	-0.840	-0.188	0.155	
	0.639	-0.731	-0.462	0.156	
	0.160	0.024	-0.381	0.135	
	0.116	-0.525	-0.207	0.439	
	0.328	-0.451	-0.117	0.126	
	0.385	-0.309	-0.359	0.147	
	0.066	0.138	-0.240	0.009	
	-0.412	-0.307	0.307	0.266	
	0.397	-0.568	0.156	-0.161	
	0.345	-0.210	-0.251	0.035	
	0.005	0.173	0.036	-0.244	
	-0.369	-0.758	0.627	0.124	
	0.471	-0.570	-0.500	0.303	
	0.188	-0.204	-0.160	0.135	
	-0.083	0.084	-0.196	0.167	
	-0.288	-0.420	-0.222	0.656	
	0.505	-0.640	-0.770	0.436	
	0.351	-0.220	-0.887	0.407	
	-0.090	0.011	-0.760	0.548	
	0.005	-0.744	-0.373	0.702	
	0.357	-0.418	-0.681	0.430	
	0.479	-0.040	-0.814	0.090	
	0.311	-0.040	-0.564	0.152	
	-0.186	-0.258	-0.582	0.693	
	0.498	-0.705	-0.467	0.323	
	0.296	-0.127	-0.836	0.375	
	0.062	-0.066	-0.227	0.197	
	-0.171	-0.649	-0.468	0.808	
	0.184	-0.728	-1.004	0.817	
	0.178	-0.317	-0.492	0.438	
	-0.160	-0.032	-0.450	0.480	
	-0.111	-0.786	-0.614	0.880	
	0.448	-0.435	-0.626	0.320	
	0.393	-0.281	-0.904	0.411	
	-0.109	0.309	-0.674	0.272	
	-0.164	-0.285	-0.636	0.716	
	0.200	-0.131	-0.438	0.263	
	0.386	0.156	-0.754	-0.020	
	0.077	0.145	-0.443	0.142	
	-0.729	-0.034	-0.123	0.586	
	0.483	-0.652	-0.351	0.241	
	0.270	0.070	-1.008	0.319	
	0.008	0.138	-0.338	0.142	
	-0.207	-0.259	-0.470	0.657	
	0.334	-0.462	-0.637	0.454	
	-0.087	-0.202	-0.467	0.551	
	-0.223	0.163	-0.287	0.268	
	-0.361	-0.324	-0.310	0.692	
	0.673	-0.707	-0.605	0.184	
	0.444	-0.311	-0.789	0.328	
	-0.156	-0.042	-0.519	0.519	
	-0.056	-0.882	-0.107	0.648	
	0.349	-0.464	-0.150	0.137	
	0.615	-0.327	-0.432	-0.106	
	0.152	-0.127	-0.064	0.024	
	-0.525	-0.193	0.269	0.293	
	0.611	-0.724	-0.255	0.041	
	0.387	-0.057	-0.605	0.102	
	-0.119	0.072	-0.103	0.134	
	-0.291	-0.343	-0.049	0.513	
	0.281	-0.488	-0.644	0.518	
	0.251	-0.227	-0.359	0.234	
	-0.447	-0.089	-0.318	0.608	
	-0.554	-0.699	-0.021	0.781	
	0.612	-0.767	-0.730	0.358	
	0.437	-0.368	-0.651	0.304	
	-0.044	0.100	-0.551	0.351	
	-0.065	-0.668	-0.397	0.727	
	0.412	-0.512	-0.327	0.228	
	0.379	-0.032	-0.511	0.028	
	0.187	0.019	-0.348	0.087	
	-0.292	-0.293	-0.185	0.573	
	0.519	-0.518	-0.462	0.193	
	0.393	0.004	-0.805	0.153	
	-0.290	0.424	-0.229	-0.019	
	-0.302	-0.574	-0.132	0.682	
	0.469	-0.697	-0.842	0.527	
	0.123	0.006	-0.331	0.152	
	-0.257	0.092	-0.290	0.355	
	-0.253	-0.269	-0.381	0.644	

Start SDT 3 0 4 2 0.000
	ATG SAM 18 12 4 18 0.000
		N-12 LUT 2 1 4 0 0.000
			0.787	-0.229	-0.399	-0.592	
			0.533	-0.095	-0.185	-0.439	
			0.272	0.226	-0.204	-0.406	
			0.141	-0.331	-0.241	0.329	
		N-11 LUT 2 1 4 0 0.000
			0.762	-0.904	0.020	-0.404	
			0.729	-0.175	-0.271	-0.670	
			0.404	0.056	-0.131	-0.465	
			0.300	-0.215	-0.630	0.335	
		N-10 LUT 2 1 4 0 0.000
			0.551	-0.573	0.073	-0.303	
			0.403	0.541	-0.164	-1.597	
			0.393	0.488	-0.896	-0.422	
			-0.234	0.181	-0.596	0.438	
		N-9 LUT 2 1 4 0 0.000
			0.633	-0.570	-0.060	-0.293	
			0.691	-0.517	0.051	-0.620	
			0.566	-0.034	-0.404	-0.345	
			0.034	0.122	-0.265	0.079	
		N-8 LUT 2 1 4 0 0.000
			0.038	0.272	-0.402	0.013	
			0.404	0.259	-0.741	-0.181	
			0.330	0.778	-0.544	-1.544	
			0.122	0.244	-0.878	0.244	
		N-7 LUT 2 1 4 0 0.000
			0.340	0.056	-0.008	-0.513	
			0.471	0.200	-0.800	-0.166	
			0.135	1.000	-1.672	-0.766	
			-0.055	-0.101	-0.148	0.267	
		N-6 LUT 2 1 4 0 0.000
			0.268	-0.254	0.415	-0.681	
			0.670	-0.585	0.015	-0.452	
			0.293	0.206	-0.094	-0.546	
			-0.033	-0.863	0.426	0.176	
		N-5 LUT 2 1 4 0 0.000
			0.385	-0.329	-0.091	-0.060	
			0.222	-0.152	0.093	-0.206	
			-0.058	0.783	-1.024	-0.274	
			-0.503	0.234	-0.503	0.497	
		N-4 LUT 2 1 4 0 0.000
			0.582	0.558	-1.179	-0.764	
			0.407	0.590	-0.569	-1.016	
			-0.275	1.190	-0.919	-1.459	
			-0.493	0.881	-0.724	-0.248	
		N-3 LUT 2 1 4 0 0.000
			1.315	-1.426	-0.069	-2.426	
			1.484	-3.055	-0.033	-3.248	
			1.257	-0.984	-0.355	-1.636	
			0.951	-1.016	0.168	-1.154	
		N-2 LUT 2 1 4 0 0.000
			1.114	-0.410	-0.819	-0.956	
			0.564	0.284	-1.202	-0.202	
			0.813	0.038	-0.750	-0.686	
			-1.000	0.459	-0.678	0.585	
		N-1 LUT 2 1 4 0 0.000
			0.909	-0.482	0.250	-2.209	
			0.585	0.613	-0.840	-1.280	
			0.201	0.364	0.081	-0.984	
			0.131	0.716	-1.110	-0.322	
		A LUT 2 1 4 0 0.000
			1.982	-5.913	-5.913	-5.913	
			1.975	-5.426	-5.426	-5.426	
			1.969	-5.140	-5.140	-5.140	
			1.926	-3.907	-3.907	-3.907	
		T LUT 2 1 4 0 0.000
			-7.234	-7.234	-7.234	1.993	
			0.000	0.000	0.000	0.000	
			0.000	0.000	0.000	0.000	
			0.000	0.000	0.000	0.000	
		G LUT 2 1 4 0 0.000
			0.000	0.000	0.000	0.000	
			0.000	0.000	0.000	0.000	
			0.000	0.000	0.000	0.000	
			-7.234	-7.234	1.993	-7.234	
		E+1 LUT 2 1 4 0 0.000
			0.000	0.000	0.000	0.000	
			0.000	0.000	0.000	0.000	
			0.024	-0.664	0.587	-0.234	
			0.000	0.000	0.000	0.000	
		E+2 LUT 2 1 4 0 0.000
			0.522	0.269	0.000	-1.478	
			0.339	0.430	-0.807	-0.293	
			0.248	0.805	-0.752	-1.084	
			-1.574	1.252	-1.711	-0.033	
		E+3 LUT 2 1 4 0 0.000
			-0.090	0.269	-0.127	-0.090	
			-0.882	0.481	0.364	-0.367	
			-0.600	0.758	-1.015	0.207	
			-0.954	-0.147	0.505	0.216	
	NNN TRM 0 0 0 0 0.000

Stop SDT 3 0 4 4 0.000
	TAA WMM 9 6 4 0 0.000
		0.297	-0.398	0.133	-0.127	
		0.393	-0.246	-0.353	0.084	
		-0.703	0.254	0.225	0.034	
		0.297	-0.309	0.117	-0.185	
		0.532	-0.444	-0.647	0.240	
		-0.309	0.532	-0.166	-0.225	
		-6.375	-6.375	-6.375	1.987	
		1.987	-6.375	-6.375	-6.375	
		1.987	-6.375	-6.375	-6.375	
	TAG WMM 9 6 4 0 0.000
		0.373	-0.364	0.239	-0.419	
		0.581	-0.475	-0.075	-0.261	
		-1.075	0.451	0.166	0.051	
		0.340	-0.391	0.436	-0.693	
		0.892	-0.871	-0.727	-0.010	
		-0.475	0.436	0.051	-0.165	
		-6.119	-6.119	-6.119	1.984	
		1.984	-6.119	-6.119	-6.119	
		-6.119	-6.119	1.984	-6.119	
	TGA WMM 9 6 4 0 0.000
		0.000	0.000	0.000	0.000	
		0.000	0.000	0.000	0.000	
		0.000	0.000	0.000	0.000	
		0.000	0.000	0.000	0.000	
		0.000	0.000	0.000	0.000	
		0.000	0.000	0.000	0.000	
		0.000	0.000	0.000	0.000	
		0.000	0.000	0.000	0.000	
		0.000	0.000	0.000	0.000	
	NNN TRM 0 0 0 0 0.000

